13 13
13 14
13 20
14 14
14 279
19 19
19 20
19 275
19 21
20 20
20 275
20 21
20 22
20 274
275 275
7 7
7 280
278 278
278 279
278 280
279 279
279 280
280 280
21 275
21 21
21 22
21 274
22 22
22 274
22 36
274 275
274 274
274 276
36 36
276 276
236 236
236 237
236 242
237 237
237 247
242 242
246 246
246 247
247 247
230 230
230 239
239 239
203 203
203 204
203 205
203 206
203 253
204 204
204 205
204 206
205 205
205 206
206 206
253 253
201 201
201 202
201 208
202 202
208 208
43 43
43 219
43 231
219 219
219 227
229 229
229 231
231 231
24 24
24 226
24 228
42 42
42 224
42 225
42 226
42 227
42 228
42 198
42 199
224 224
224 225
224 226
224 227
224 228
225 225
225 226
225 228
226 226
226 228
227 229
227 227
227 228
228 229
228 228
45 219
45 227
45 45
45 198
45 199
45 200
198 198
198 199
198 200
199 199
199 200
200 219
200 227
200 200
196 224
196 196
197 229
197 197
38 38
38 40
40 40
40 248
248 248
190 248
190 190
182 182
182 185
183 183
183 184
183 185
184 184
184 185
185 185
114 114
114 115
115 115
115 137
129 129
129 130
129 131
129 132
129 133
129 134
129 135
129 136
129 137
129 138
129 141
130 130
130 131
130 132
130 133
130 134
130 135
130 136
130 137
130 138
130 139
130 140
131 131
131 132
131 133
131 134
131 135
131 136
131 137
131 138
131 139
131 140
132 132
132 133
132 134
132 135
132 136
132 137
132 138
132 176
132 139
132 140
132 161
132 149
133 133
133 134
133 135
133 136
133 137
133 138
133 139
133 140
134 134
134 135
134 136
134 137
134 138
134 141
134 139
135 135
135 136
135 137
135 138
135 139
135 140
136 136
136 137
136 138
136 139
136 140
137 137
137 138
137 139
137 140
138 138
138 139
138 140
138 164
49 49
49 116
49 117
49 58
116 116
117 129
117 133
117 117
117 141
58 58
58 81
81 81
47 47
47 48
47 175
47 176
47 177
47 178
47 179
47 240
48 48
48 175
48 176
48 177
48 178
48 179
48 142
175 175
175 176
175 177
175 178
175 179
176 176
176 177
176 178
176 179
177 177
177 178
177 179
178 178
178 179
179 179
240 240
240 241
241 241
141 141
141 142
142 142
139 139
139 140
140 140
161 176
161 161
161 162
161 163
161 164
161 165
161 166
162 162
162 163
162 164
162 165
162 166
163 163
163 164
163 165
163 166
164 164
164 165
164 166
165 165
165 166
166 166
166 251
148 148
148 149
148 150
149 176
149 161
149 162
149 149
149 150
150 162
150 150
151 163
151 151
151 157
156 177
156 156
156 157
157 163
157 157
251 251
251 252
252 252
110 110
110 111
111 111
50 50
50 101
50 102
50 103
101 101
101 102
101 103
102 102
102 103
103 103
103 106
106 106
106 107
107 107
59 59
59 79
59 80
59 72
59 77
59 70
79 79
79 80
80 80
62 62
62 72
62 85
62 76
72 72
72 77
52 52
52 93
52 56
93 93
55 55
55 56
55 57
55 85
55 86
55 60
56 56
56 57
56 85
56 86
57 57
57 85
57 86
85 85
86 86
86 96
60 60
60 76
60 77
76 85
76 76
76 77
77 77
68 79
68 68
66 66
66 67
67 85
67 67
67 70
70 70
70 71
71 80
71 71
51 51
51 96
51 97
51 84
96 96
96 97
97 97
97 112
84 84
112 112
95 95
95 128
127 127
127 128
128 128
91 91
91 92
91 94
92 92
94 94
54 54
54 87
87 87
75 87
75 75
61 61
61 69
69 69
53 53
53 89
53 90
53 104
89 89
89 90
90 90
104 104
104 105
105 105
39 39
39 214
213 213
213 214
214 214
46 213
46 46
44 44
44 195
195 195
41 41
41 191
191 191
34 34
34 35
34 255
35 35
255 255
33 33
33 264
33 263
264 264
263 263
29 29
29 30
29 257
30 30
257 257
26 26
26 27
26 28
26 268
27 27
27 28
27 268
27 261
28 28
28 268
268 268
260 260
260 261
261 261
0 0
0 283
283 283
8 283
8 8
8 9
8 281
8 277
9 9
9 11
281 281
10 10
10 11
10 12
10 277
11 11
11 12
12 12
12 16
277 283
277 277
16 16
5 5
5 6
6 6
6 17
17 17
17 18
18 18
4 4
4 259
259 259
1 1
1 2
2 2
2 256
256 256
3 3
15 15
23 23
25 25
25 269
269 269
31 31
31 267
267 267
32 32
37 37
63 63
64 64
65 65
73 73
74 74
78 78
82 82
82 83
83 83
88 88
98 98
99 99
100 100
108 108
108 109
109 109
113 113
118 118
119 119
120 120
120 121
120 122
121 121
121 122
122 122
123 123
124 124
124 125
124 126
125 125
125 126
126 126
143 143
143 144
143 145
144 144
145 145
146 146
147 147
152 152
153 153
154 154
155 155
158 158
159 159
159 160
160 160
167 167
168 168
169 169
169 170
170 170
171 171
172 172
172 173
173 173
174 174
180 180
181 181
186 186
187 187
188 188
189 189
192 192
192 193
193 193
194 194
207 207
209 209
210 210
210 211
211 211
212 212
215 215
216 216
216 217
217 217
218 218
220 220
221 221
222 222
223 223
232 232
232 233
232 234
233 233
233 234
234 234
235 235
238 238
243 243
244 244
244 245
245 245
249 249
250 250
254 254
258 258
262 262
265 265
266 266
270 270
271 271
272 272
273 273
282 282
284 284
285 285
