/
47,52.51,2.93
48,52.48,3.07
49,37.17,1.04
58,20.01,1.03
81,20.05,0.82
114,36.19,2.36
115,36.26,2.71
116,37.08,1.21
117,37.3,2.51
129,40.08,2.51
130,40.17,1.77
131,40.14,1.8
132,40.18,2.43
133,40.26,2.5
134,40.13,2.54
135,40.18,2.57
136,40.17,2.6
137,40.22,2.72
138,40.26,3.21
139,40.33,1.79
140,40.34,2.67
141,40.62,2.53
142,40.69,3.07
148,42.59,2.32
149,42.58,2.45
150,42.57,2.47
151,43.8,3.17
156,47.23,3.14
157,47.26,3.17
161,49.04,2.43
162,49.05,2.46
163,49.04,3.17
164,48.99,3.2
165,49.0,3.24
166,49.07,3.88
175,52.53,-0.88
176,52.5,2.43
177,52.49,3.14
178,52.56,3.68
179,52.48,3.85
240,73.97,2.92
241,73.99,2.99
251,77.51,3.88
252,77.63,4.19
/
51,25.83,2.05
52,23.94,1.13
55,21.64,0.95
56,21.58,1.13
57,21.58,1.0
59,19.35,0.87
60,17.97,0.95
62,15.82,0.81
66,12.3,0.51
67,12.25,0.84
68,12.57,0.78
70,14.39,0.85
71,14.51,0.92
72,15.77,0.88
76,17.97,0.81
77,18.08,0.89
79,19.36,0.78
80,19.33,0.92
84,21.12,2.04
85,21.46,0.82
86,21.77,1.89
93,23.96,1.68
96,25.79,1.9
97,25.77,2.17
112,34.26,2.17
/
24,125.19,5.09
42,70.53,3.43
43,68.5,5.06
45,61.54,3.64
196,60.11,3.05
197,61.01,3.48
198,61.36,3.44
199,61.46,3.43
200,61.52,3.65
219,68.5,3.63
224,70.57,3.04
225,70.49,3.99
226,70.44,5.09
227,70.72,3.63
228,70.6,5.08
229,70.78,3.48
231,70.96,5.06
/
7,132.37,7.97
13,129.77,7.16
14,129.64,7.89
19,128.46,7.37
20,128.27,7.15
21,128.21,7.38
22,128.11,5.28
36,95.85,5.28
274,128.25,5.32
275,128.32,7.21
276,130.19,5.32
278,131.15,7.79
279,131.14,7.9
280,131.17,7.98
/
0,145.09,7.51
8,131.98,7.56
9,131.87,5.35
10,130.52,7.03
11,130.47,5.36
12,130.37,7.48
16,128.91,7.47
277,130.71,7.55
281,132.17,7.59
283,145.15,7.55
/
26,114.94,6.38
27,114.78,6.45
28,114.78,6.42
260,99.95,4.68
261,99.88,6.46
268,114.87,6.57
/
50,29.31,1.29
101,29.23,-0.78
102,29.38,-0.95
103,29.39,1.23
106,31.73,1.22
107,31.88,2.19
/
236,72.96,2.97
237,73.0,3.61
242,74.71,2.97
246,75.67,3.33
247,75.76,3.6
/
53,23.28,1.16
89,23.26,-0.44
90,23.18,1.82
104,30.47,1.15
105,30.37,2.05
/
203,62.81,4.09
204,62.85,4.3
205,62.86,5.24
206,62.97,3.73
253,77.96,4.09
/
5,132.8,5.47
6,132.71,7.32
17,128.7,7.32
18,128.63,7.27
/
39,82.3,3.82
46,60.76,3.52
213,66.0,3.52
214,66.11,3.82
/
38,85.38,3.84
40,76.2,3.83
190,56.27,3.74
248,76.38,3.74
/
182,53.62,3.11
183,54.28,3.14
184,54.28,3.17
185,54.45,3.11
/
1,143.64,6.86
2,143.51,6.83
256,95.05,6.82
/
29,111.02,6.96
30,110.86,6.09
257,96.96,6.97
/
34,101.57,5.18
35,101.56,4.17
255,92.19,5.18
/
54,22.56,1.18
75,17.5,1.25
87,22.53,1.26
/
91,23.58,1.5
92,23.59,1.62
94,24.88,1.49
/
120,38.28,2.51
121,38.47,2.5
122,38.38,2.53
/
124,39.17,2.51
125,39.24,2.69
126,39.34,2.49
/
95,25.61,2.77
127,39.64,2.39
128,39.76,2.78
/
143,41.01,2.51
144,40.93,2.54
145,41.2,2.49
/
201,62.5,3.55
202,62.64,3.41
208,64.36,3.56
/
232,71.34,3.77
233,71.48,3.48
234,71.52,3.63
/
33,102.28,4.21
263,101.24,4.22
264,102.32,5.3
/
25,115.45,6.68
269,115.33,6.74
/
31,109.48,4.85
267,109.62,5.73
/
41,72.4,3.78
191,57.36,3.77
/
61,16.54,0.74
69,13.21,0.74
/
82,20.31,2.03
83,20.41,2.02
/
108,32.22,1.97
109,32.38,1.36
/
110,32.98,2.24
111,33.93,2.26
/
159,48.18,3.17
160,48.11,4.35
/
169,50.21,3.14
170,50.34,3.17
/
172,51.2,3.14
173,51.29,3.43
/
192,57.76,3.14
193,57.94,3.92
/
44,63.18,3.32
195,59.6,3.33
/
210,65.2,3.97
211,65.36,3.56
/
216,67.43,3.39
217,67.52,3.56
/
230,70.98,3.28
239,73.74,3.27
/
244,75.41,3.44
245,75.57,2.96
/
4,134.63,5.55
259,98.84,5.55
/
3,141.63,7.45
/
15,129.24,7.43
/
23,127.06,8.01
/
32,104.0,4.13
/
37,92.71,4.75
/
63,-7.66,-0.05
/
64,-0.58,9.98
/
65,0.6,0.0
/
73,16.32,1.55
/
74,16.74,0.84
/
78,18.36,1.13
/
88,22.98,0.84
/
98,27.05,2.01
/
99,28.01,1.08
/
100,28.67,1.1
/
113,35.23,2.25
/
118,37.48,2.5
/
119,37.76,3.02
/
123,38.75,2.51
/
146,41.39,2.51
/
147,41.59,2.5
/
152,44.65,10.74
/
153,45.26,3.17
/
154,46.26,3.17
/
155,46.76,3.17
/
158,47.75,3.17
/
167,49.38,0.35
/
168,49.87,3.17
/
171,50.81,3.17
/
174,51.65,3.14
/
180,52.81,3.17
/
181,53.34,3.14
/
186,54.77,3.14
/
187,55.26,3.14
/
188,55.57,3.83
/
189,55.77,3.14
/
194,58.75,4.02
/
207,63.43,3.35
/
209,64.87,3.56
/
212,65.79,3.56
/
215,66.65,3.56
/
218,67.94,3.56
/
220,68.94,3.56
/
221,69.23,3.7
/
222,69.91,3.56
/
223,70.25,3.85
/
235,71.92,3.58
/
238,73.26,3.48
/
243,74.94,3.77
/
249,76.49,2.97
/
250,77.25,3.07
/
254,84.39,3.5
/
258,97.46,4.27
/
262,100.47,4.89
/
265,104.39,4.08
/
266,109.17,5.67
/
270,115.96,6.93
/
271,116.2,6.8
/
272,117.71,5.12
/
273,126.29,7.12
/
282,133.1,7.69
/
284,147.34,8.67
/
285,165.77,8.4
