133 133
133 134
133 135
133 322
133 323
133 324
134 134
134 135
134 322
134 323
134 324
135 135
135 323
135 324
322 322
322 323
322 331
323 323
323 324
323 330
324 324
330 330
330 331
331 331
297 297
297 298
297 299
298 298
298 299
298 329
299 299
328 328
328 329
329 329
21 21
21 22
21 350
22 22
22 346
22 350
146 146
146 346
146 347
146 348
146 349
146 350
146 289
346 346
346 347
346 348
346 349
346 350
347 347
347 348
347 349
347 350
348 348
348 349
348 350
349 349
349 350
350 350
118 118
118 285
118 286
118 287
118 288
118 289
285 285
285 286
285 287
285 288
286 286
286 287
286 288
287 349
287 287
287 288
287 289
288 288
288 289
289 348
289 349
289 289
59 59
59 60
59 61
59 197
59 198
59 208
60 60
60 61
60 197
60 198
60 85
61 61
61 197
61 198
61 84
61 215
197 197
197 198
198 198
71 71
71 72
71 207
71 208
71 205
71 206
71 271
71 80
71 82
72 72
72 207
72 208
72 77
72 81
72 261
72 263
207 207
207 208
208 208
84 84
84 85
84 229
84 215
85 85
85 229
229 229
229 244
13 13
13 14
13 154
14 14
14 282
14 15
14 93
14 317
153 153
153 154
153 155
153 156
153 157
153 365
153 366
153 367
153 368
153 280
153 283
154 154
154 155
154 156
154 157
154 365
154 366
154 367
154 368
155 155
155 156
155 157
155 365
155 366
155 367
155 368
155 161
156 156
156 157
156 365
156 366
156 367
156 368
157 157
157 365
157 366
157 367
157 368
157 360
365 365
365 366
365 367
366 366
366 367
366 368
367 367
367 368
368 368
117 117
117 280
117 281
117 282
117 283
117 251
117 293
280 280
280 281
280 282
280 283
281 281
281 282
281 283
282 282
282 283
282 317
283 365
283 283
15 366
15 367
15 15
15 17
15 25
15 28
15 309
15 266
16 153
16 365
16 283
16 16
16 17
16 27
16 309
16 152
17 157
17 366
17 367
17 368
17 17
17 25
17 26
17 28
17 18
17 19
17 20
17 39
17 360
17 266
25 157
25 366
25 367
25 25
25 26
25 27
25 28
25 159
25 160
25 161
25 360
25 266
26 157
26 366
26 368
26 26
26 27
26 28
26 159
26 160
26 161
26 39
26 360
27 153
27 365
27 283
27 27
27 28
27 159
27 160
27 161
27 309
27 152
28 157
28 366
28 367
28 368
28 28
28 159
28 160
28 161
28 39
28 360
28 266
159 159
159 160
160 160
160 161
161 161
18 155
18 161
18 18
18 19
18 20
18 150
19 19
19 20
19 69
20 157
20 366
20 368
20 26
20 28
20 20
20 39
20 360
0 61
0 84
0 0
0 215
76 76
76 77
76 78
76 79
76 215
76 216
76 217
76 218
76 219
76 107
76 244
76 175
76 223
77 77
77 78
77 79
77 215
77 216
77 217
77 218
77 219
77 81
77 261
77 263
77 264
78 78
78 79
78 215
78 216
78 217
78 218
78 219
78 245
79 79
79 215
79 216
79 217
79 218
79 219
79 245
79 80
215 215
215 216
215 217
215 218
215 219
216 216
216 217
216 218
216 219
216 225
217 229
217 217
217 218
217 219
217 244
217 223
218 218
218 219
218 225
219 219
219 245
6 229
6 217
6 6
6 7
6 8
6 9
6 10
6 11
6 105
6 244
6 42
6 175
6 223
7 76
7 7
7 8
7 9
7 10
7 11
7 32
7 107
7 42
7 175
8 8
8 9
8 10
8 11
8 106
9 78
9 79
9 219
9 9
9 10
9 11
9 31
9 245
9 41
9 46
10 10
10 11
10 204
10 92
10 50
10 222
10 109
10 125
11 216
11 11
11 106
11 30
11 103
32 76
32 32
32 33
32 107
32 244
32 42
32 175
32 223
33 33
33 168
33 35
33 163
106 106
106 107
106 108
106 246
106 243
106 244
106 245
107 107
107 108
107 246
107 243
107 244
107 245
107 175
107 223
108 108
108 246
108 244
108 245
108 164
246 246
30 216
30 218
30 30
30 31
30 103
30 225
31 78
31 79
31 219
31 31
31 245
31 41
31 46
63 71
63 63
63 64
63 65
63 66
63 67
63 68
63 69
63 70
63 204
63 205
63 206
63 94
63 271
63 80
63 82
64 64
64 65
64 66
64 67
64 68
64 69
64 70
64 204
64 205
64 206
64 233
64 98
65 65
65 66
65 67
65 68
65 69
65 70
65 204
65 205
65 206
65 232
65 95
66 66
66 67
66 68
66 69
66 70
66 204
66 205
66 206
66 311
66 312
66 305
66 126
66 130
67 67
67 68
67 69
67 70
67 204
67 205
67 206
67 124
67 306
67 315
67 316
68 71
68 68
68 69
68 70
68 204
68 205
68 206
68 187
68 273
68 259
69 71
69 69
69 70
69 204
69 205
69 206
70 71
70 281
70 70
70 204
70 205
70 206
70 265
70 262
204 204
204 205
204 206
205 205
205 206
205 239
205 240
205 236
205 237
206 206
206 304
206 227
101 101
101 102
101 103
101 104
101 105
101 242
101 243
101 244
101 245
102 198
102 106
102 107
102 108
102 246
102 102
102 103
102 104
102 105
102 242
102 243
102 244
102 245
103 216
103 218
103 106
103 107
103 108
103 246
103 103
103 104
103 105
103 243
103 244
103 245
103 225
104 106
104 107
104 108
104 246
104 104
104 105
104 243
104 244
104 245
104 165
104 178
104 179
105 229
105 217
105 106
105 107
105 108
105 246
105 105
105 243
105 244
105 245
105 175
105 223
242 242
242 243
242 244
243 243
243 244
243 245
244 246
244 244
244 245
245 246
245 245
39 157
39 366
39 368
39 39
39 40
39 41
39 42
39 43
39 44
39 45
39 46
39 164
39 165
39 166
39 167
39 168
39 360
40 104
40 40
40 41
40 42
40 43
40 44
40 45
40 46
40 164
40 165
40 166
40 167
40 168
40 178
40 179
41 78
41 79
41 219
41 245
41 41
41 42
41 43
41 44
41 45
41 46
41 164
41 165
41 166
41 167
41 168
42 229
42 76
42 217
42 107
42 105
42 244
42 42
42 43
42 44
42 45
42 46
42 164
42 165
42 166
42 167
42 168
42 175
42 223
43 43
43 44
43 45
43 46
43 164
43 165
43 166
43 167
43 168
44 108
44 44
44 45
44 46
44 164
44 165
44 166
44 167
44 168
45 104
45 45
45 46
45 164
45 165
45 166
45 167
45 168
45 178
45 179
46 78
46 79
46 219
46 245
46 46
46 164
46 165
46 166
46 167
46 168
164 164
164 165
164 166
164 167
164 168
165 165
165 166
165 167
165 168
165 178
165 179
166 166
166 167
166 168
167 167
167 168
167 178
167 179
168 168
23 153
23 280
23 283
23 23
23 24
24 24
24 88
24 310
24 313
24 333
12 12
12 93
12 314
12 317
88 88
88 89
88 90
88 91
88 92
88 93
88 94
88 232
88 233
88 310
89 89
89 90
89 91
89 92
89 93
89 94
89 232
89 233
89 257
90 90
90 91
90 92
90 93
90 94
90 232
90 233
90 239
90 240
90 236
90 237
91 91
91 92
91 93
91 94
91 232
91 233
91 95
91 258
91 97
91 256
92 204
92 92
92 93
92 94
92 232
92 233
92 222
92 109
92 95
92 125
93 93
93 94
93 232
93 233
93 95
93 314
93 317
94 94
94 232
94 233
94 95
94 238
232 232
232 233
233 233
35 168
35 35
35 163
163 168
163 163
53 53
53 54
53 178
53 179
54 54
54 178
54 179
178 178
178 179
179 179
49 49
49 50
49 51
49 175
49 183
50 92
50 50
50 51
50 175
50 222
50 109
50 125
51 51
51 175
51 250
175 229
175 217
175 244
175 175
175 223
183 183
81 81
81 222
81 223
81 261
81 263
222 222
222 223
223 229
223 244
223 223
109 204
109 222
109 109
109 250
109 251
109 125
250 250
250 251
251 251
251 293
55 206
55 55
55 187
55 304
55 227
187 187
187 273
187 259
269 269
269 270
269 271
270 270
270 271
270 307
271 271
98 233
98 98
98 239
98 240
239 239
239 240
240 240
95 232
95 233
95 95
124 124
124 125
124 309
124 310
124 311
124 312
124 313
124 129
124 315
125 204
125 222
125 125
125 309
125 310
125 311
125 312
125 313
125 314
125 315
125 316
309 365
309 367
309 309
309 310
309 311
309 312
310 310
310 311
310 312
310 313
310 333
311 311
311 312
311 313
311 314
311 315
312 312
312 313
312 314
312 315
313 313
313 314
313 315
313 316
313 317
313 318
313 333
121 121
121 304
121 305
121 306
121 138
304 304
304 305
305 312
305 305
306 306
306 307
306 308
306 315
306 316
114 114
114 115
114 273
114 274
114 275
114 276
114 230
114 122
114 127
115 115
115 273
115 274
115 275
115 276
115 123
115 308
273 273
273 274
273 275
273 276
274 274
274 275
274 276
275 275
275 276
276 276
113 113
113 265
113 120
265 281
265 265
86 114
86 86
86 87
86 230
86 122
86 127
87 115
87 87
87 230
87 123
87 308
230 230
122 230
122 122
122 123
122 307
122 308
122 127
123 123
123 307
123 308
307 307
307 308
307 338
308 308
257 257
257 258
257 259
258 258
258 259
259 273
259 259
97 258
97 97
97 236
97 256
236 239
236 240
236 236
236 237
256 258
256 256
237 239
237 240
237 237
237 238
238 239
238 238
96 101
96 96
96 234
96 235
234 242
234 234
234 235
235 243
235 235
119 119
119 120
119 303
119 319
119 318
120 304
120 305
120 120
120 303
303 304
303 305
303 303
303 319
303 320
303 318
293 293
293 294
294 294
127 230
127 127
127 319
319 319
138 138
128 303
128 128
128 129
128 320
128 318
129 129
129 320
129 315
320 320
126 311
126 312
126 313
126 305
126 126
126 314
126 315
126 316
126 317
126 318
126 130
314 314
314 315
314 316
314 317
314 318
315 315
315 316
315 317
315 318
316 316
316 317
316 318
317 317
317 318
318 319
318 320
318 318
130 311
130 312
130 130
130 131
131 294
131 131
141 274
141 275
141 141
141 338
338 338
150 155
150 161
150 150
150 151
150 152
150 360
151 156
151 151
151 152
151 360
152 153
152 365
152 283
152 309
152 152
152 360
360 366
360 368
360 360
225 225
80 219
80 271
80 80
80 220
80 82
220 235
220 220
82 271
82 82
82 227
227 304
227 227
3 3
3 112
112 112
112 261
112 262
261 261
261 262
261 263
262 281
262 265
262 262
263 263
263 264
264 276
264 264
266 366
266 367
266 309
266 266
266 267
266 268
267 269
267 270
267 271
267 307
267 338
267 267
267 268
268 269
268 270
268 271
268 313
268 268
268 333
333 333
62 62
62 199
62 200
62 83
199 199
199 200
199 228
200 200
200 211
83 83
83 228
228 228
211 211
52 52
52 176
52 57
176 176
176 196
57 57
57 189
189 189
58 176
58 58
58 193
58 196
193 193
193 195
195 195
195 196
196 196
73 73
73 74
73 75
73 212
73 213
73 214
74 74
74 75
74 212
74 213
74 214
75 75
75 213
75 214
212 212
212 213
212 214
213 213
213 214
214 214
186 214
186 186
56 56
56 188
188 188
173 188
173 173
148 148
148 149
148 355
148 191
149 149
149 355
355 355
191 191
132 132
132 361
361 361
111 111
111 139
139 139
139 335
335 335
110 110
110 116
116 116
29 29
29 37
36 36
36 37
36 38
37 37
37 38
38 38
2 2
2 4
4 4
1 1
1 5
5 5
34 34
47 47
47 48
48 48
99 99
99 100
100 100
136 136
136 325
136 326
136 327
325 325
325 326
325 327
326 326
326 327
327 327
137 137
140 140
140 337
337 337
142 142
142 339
142 340
339 339
339 340
340 340
143 143
143 144
143 341
143 342
143 343
144 144
144 341
144 342
144 343
341 341
341 342
341 343
342 342
342 343
343 343
145 145
145 344
145 345
344 344
344 345
345 345
147 147
147 352
352 352
158 158
162 162
169 169
170 170
171 171
172 172
174 174
177 177
180 180
180 181
181 181
182 182
184 184
184 185
185 185
190 190
192 192
194 194
201 201
201 202
201 203
202 202
202 203
203 203
209 209
210 210
221 221
224 224
226 226
231 231
241 241
247 247
247 248
247 249
248 248
248 249
249 249
252 252
253 253
254 254
254 255
255 255
260 260
272 272
277 277
277 278
278 278
279 279
284 284
290 290
290 291
291 291
292 292
295 295
295 296
296 296
300 300
300 301
300 302
301 301
301 302
302 302
321 321
332 332
334 334
336 336
351 351
353 353
354 354
356 356
357 357
358 358
359 359
362 362
363 363
364 364
369 369
370 370
371 371
372 372
373 373
