/
3,175.98,1.12
12,169.62,2.05
13,167.65,6.92
14,167.52,2.08
15,167.43,1.83
16,166.92,1.86
17,166.73,1.81
18,166.67,6.79
19,166.67,5.06
20,166.67,1.79
23,159.57,1.9
24,159.5,2.15
25,138.62,1.82
26,138.54,1.79
27,138.48,1.87
28,138.47,1.81
55,73.36,3.5
63,66.83,2.62
64,66.81,2.99
65,66.79,3.12
66,66.75,1.57
67,66.73,1.34
68,66.69,4.58
69,66.69,5.06
70,66.69,2.71
71,66.51,2.61
80,63.71,2.6
82,61.45,2.6
86,59.54,1.39
87,59.5,1.08
88,57.97,2.14
89,57.95,2.51
90,57.95,3.36
91,57.87,2.45
92,57.86,5.01
93,57.79,2.06
94,57.79,2.64
95,57.69,3.13
97,56.83,2.45
98,56.15,2.99
112,40.93,1.12
113,39.18,0.84
114,38.16,1.39
115,38.15,1.08
117,36.37,3.07
119,31.93,1.26
120,31.87,0.85
121,31.6,0.89
122,31.23,1.39
123,31.21,1.08
124,30.9,1.32
125,30.77,5.01
126,30.55,1.57
127,30.23,1.4
128,29.6,1.23
129,29.5,1.31
130,29.26,1.59
131,29.15,2.27
138,26.48,0.89
141,24.33,2.33
150,14.57,6.79
151,14.55,1.71
152,14.53,1.87
153,12.11,1.88
154,12.1,6.92
155,12.09,6.79
156,12.07,1.72
157,12.01,1.8
159,138.66,6.82
160,138.53,6.89
161,138.45,6.79
187,73.24,4.58
204,66.76,5.02
205,66.7,3.39
206,66.67,3.5
227,61.43,3.49
230,59.57,1.39
232,57.95,3.13
233,57.8,2.99
236,56.84,3.37
237,56.54,3.38
238,56.37,2.65
239,56.28,3.38
240,55.99,3.37
251,51.64,3.05
256,42.94,2.46
257,42.14,2.51
258,42.09,2.46
259,41.99,4.59
262,40.87,2.69
265,39.2,2.7
266,38.89,1.83
267,38.71,1.64
268,38.71,2.18
269,38.68,2.2
270,38.64,1.62
271,38.59,2.61
273,38.3,4.58
274,38.21,2.33
275,38.14,2.35
276,38.1,2.8
280,36.47,1.9
281,36.46,2.69
282,36.41,2.09
283,36.35,1.88
293,34.62,3.07
294,34.54,2.27
303,31.88,1.24
304,31.72,3.51
305,31.68,1.55
306,31.44,1.35
307,31.39,1.63
308,31.26,1.09
309,30.95,1.85
310,30.88,2.15
311,30.81,1.59
312,30.78,1.57
313,30.74,2.17
314,30.67,2.05
315,30.66,1.33
316,30.57,1.35
317,30.56,2.07
318,30.56,1.24
319,30.29,1.26
320,29.68,1.23
333,26.2,2.17
338,24.34,1.65
360,14.6,1.8
365,12.19,1.87
366,12.13,1.81
367,12.12,1.83
368,11.93,1.79
/
0,201.0,5.1
6,171.92,3.81
7,171.9,3.77
8,171.88,4.12
9,171.86,3.74
10,171.84,5.01
11,171.8,4.14
30,135.68,4.15
31,135.57,3.74
32,135.29,3.78
33,135.27,7.33
35,129.08,7.33
39,128.17,1.79
40,128.08,7.25
41,128.05,3.72
42,128.05,3.79
43,128.02,7.29
44,128.02,7.2
45,128.02,7.23
46,128.01,3.74
49,79.48,4.61
50,79.47,4.99
51,79.46,3.19
53,77.23,7.36
54,77.22,7.1
59,68.4,4.9
60,68.4,2.88
61,68.38,5.08
72,66.43,2.85
76,64.06,3.78
77,63.99,2.83
78,63.96,3.72
79,63.9,3.74
81,62.52,2.84
84,60.49,5.09
85,60.45,2.88
96,57.37,5.16
101,54.38,5.16
102,54.31,3.66
103,54.29,4.15
104,54.21,7.23
105,54.2,3.81
106,54.17,4.12
107,54.17,3.78
108,54.16,7.2
109,51.7,5.01
163,129.07,7.34
164,128.08,7.2
165,128.08,7.24
166,128.06,7.3
167,128.05,7.26
168,128.01,7.33
175,79.49,3.79
178,77.33,7.25
179,77.24,7.24
183,74.51,4.61
197,68.4,3.46
198,68.37,3.67
207,66.4,3.62
208,66.34,4.9
215,64.03,5.09
216,64.02,4.15
217,64.0,3.81
218,63.94,4.17
219,63.89,3.73
220,63.54,4.21
222,62.61,4.99
223,62.53,3.8
225,62.11,4.16
229,60.43,3.81
234,57.46,4.36
235,57.39,4.22
242,54.51,4.36
243,54.37,4.23
244,54.31,3.8
245,54.24,3.74
246,54.13,4.03
250,51.75,3.2
261,40.91,2.84
263,40.05,2.84
264,40.04,2.81
/
21,166.13,1.97
22,166.13,2.0
118,35.56,1.88
146,21.54,2.08
285,35.69,2.72
286,35.66,1.84
287,35.5,2.12
288,35.46,2.74
289,35.43,2.1
346,21.61,2.02
347,21.55,2.06
348,21.48,2.09
349,21.46,2.11
350,21.41,1.98
/
52,78.4,3.31
57,72.69,3.31
58,70.09,3.61
176,78.22,3.61
189,72.55,4.64
193,70.05,3.56
195,68.97,3.55
196,68.91,3.61
/
133,28.03,0.84
134,27.91,5.06
135,27.86,4.58
322,28.1,1.23
323,27.96,2.39
324,27.85,1.87
330,27.08,2.39
331,27.01,1.25
/
73,64.7,3.51
74,64.69,1.85
75,64.67,1.86
186,73.66,4.19
212,64.89,3.81
213,64.79,5.06
214,64.73,4.18
/
62,68.19,2.84
83,61.09,2.84
199,68.17,3.63
200,68.08,5.12
211,65.29,5.13
228,61.22,3.64
/
297,33.42,2.56
298,33.25,1.92
299,33.23,1.7
328,27.29,1.99
329,27.13,1.92
/
143,22.69,0.85
144,22.68,0.83
341,22.8,2.02
342,22.73,1.27
343,22.67,0.85
/
29,138.12,1.76
36,128.41,1.86
37,128.24,1.76
38,128.22,1.81
/
148,19.3,3.43
149,19.21,0.89
191,71.25,3.44
355,19.33,1.35
/
136,27.77,1.86
325,27.82,1.85
326,27.79,2.41
327,27.69,1.91
/
111,43.42,0.94
139,25.65,0.94
335,25.78,1.29
/
142,23.64,0.89
339,23.81,1.8
340,23.81,1.35
/
145,22.4,0.94
344,22.45,2.01
345,22.41,0.95
/
56,73.15,3.51
173,95.67,4.73
188,72.97,4.74
/
201,67.67,5.16
202,67.57,5.02
203,67.55,3.5
/
247,53.48,3.81
248,53.42,3.74
249,53.28,3.92
/
300,32.53,2.22
301,32.38,2.34
302,32.36,2.24
/
1,177.71,2.27
5,173.09,2.28
/
2,176.64,2.01
4,175.6,2.01
/
47,114.92,1.9
48,114.92,2.15
/
99,55.85,3.12
100,55.74,2.05
/
110,45.73,0.81
116,37.19,0.81
/
132,29.03,0.87
361,14.15,0.86
/
140,25.01,2.27
337,25.08,1.59
/
180,76.84,7.24
181,76.75,5.74
/
184,74.14,5.06
185,74.08,4.59
/
254,47.63,3.31
255,47.58,3.24
/
277,36.95,2.06
278,36.94,1.97
/
290,35.32,1.61
291,35.3,1.59
/
295,33.98,2.62
296,33.88,2.34
/
147,20.35,1.9
352,20.42,2.16
/
34,134.98,3.81
/
137,27.55,2.15
/
158,139.08,6.92
/
162,129.98,7.02
/
169,125.82,7.73
/
170,119.18,3.78
/
171,108.21,4.58
/
172,101.64,3.51
/
174,90.74,4.72
/
177,77.71,7.25
/
182,75.88,5.84
/
190,72.45,4.58
/
192,70.57,3.62
/
194,69.18,3.68
/
209,66.1,5.11
/
210,65.64,5.06
/
221,63.19,3.82
/
224,62.32,4.13
/
226,61.67,5.0
/
231,58.65,2.99
/
241,55.54,2.65
/
252,48.22,3.27
/
253,47.98,3.2
/
260,41.24,2.46
/
272,38.44,2.85
/
279,36.64,1.65
/
284,35.98,2.61
/
292,34.98,2.71
/
321,28.8,1.23
/
332,26.84,1.69
/
334,25.86,1.97
/
336,25.42,1.26
/
351,20.75,2.02
/
353,20.01,2.02
/
354,19.75,0.82
/
356,16.44,1.13
/
357,15.81,1.81
/
358,15.4,1.79
/
359,15.12,1.75
/
362,13.75,1.8
/
363,13.3,0.86
/
364,12.98,1.81
/
369,11.51,0.89
/
370,11.26,1.81
/
371,10.99,0.9
/
372,9.61,1.84
/
373,1.05,0.05
