174 174
174 175
174 176
174 252
174 477
175 175
175 176
176 176
176 260
230 230
230 231
230 260
230 261
230 262
230 476
231 231
231 260
231 261
231 262
260 260
260 261
260 262
261 261
261 262
261 282
262 262
136 136
136 137
136 177
136 178
136 179
136 180
136 170
137 174
137 137
137 177
137 178
137 179
137 180
137 252
137 477
177 177
177 178
177 179
177 180
178 231
178 178
178 179
178 180
178 223
179 179
179 180
180 180
180 193
180 216
157 177
157 157
157 158
157 159
157 160
157 472
158 158
158 159
158 160
158 472
158 189
159 175
159 159
159 160
159 472
160 180
160 160
160 472
160 193
160 216
472 472
4 4
4 129
4 130
4 131
4 132
4 18
4 127
129 129
129 130
129 131
129 132
129 133
130 130
130 131
130 132
130 169
130 133
131 131
131 132
131 133
132 132
132 133
18 18
18 169
18 170
18 255
18 279
18 127
169 169
169 170
169 255
169 279
170 170
170 255
170 279
255 262
255 255
255 279
255 258
279 279
45 262
45 255
45 45
45 258
110 110
110 111
110 112
110 113
110 118
111 131
111 111
111 112
111 113
111 123
112 132
112 112
112 113
112 115
113 174
113 137
113 113
113 252
113 117
113 477
72 72
72 334
72 409
103 103
103 104
103 331
103 332
103 333
103 334
103 406
103 407
103 408
103 409
103 480
103 326
103 401
104 104
104 331
104 332
104 333
104 334
104 406
104 407
104 408
104 409
104 480
104 207
104 166
104 324
104 399
331 331
331 332
331 333
331 334
331 406
331 407
331 408
331 409
331 480
332 332
332 333
332 334
332 406
332 407
332 408
332 409
332 480
333 333
333 334
333 406
333 407
333 408
333 409
333 480
334 334
334 406
334 407
334 408
334 409
334 480
406 406
406 407
406 408
406 409
406 480
407 407
407 408
407 409
407 480
408 408
408 409
408 480
409 409
409 480
480 480
326 326
326 401
401 401
42 42
42 49
42 50
42 272
42 43
42 125
49 49
49 50
49 272
49 52
49 277
49 54
50 50
50 272
50 278
50 280
50 319
272 272
272 292
272 283
51 51
51 52
51 277
51 278
51 330
51 405
51 285
51 357
51 432
51 320
52 52
52 277
52 278
52 54
277 277
277 278
278 278
278 280
278 319
12 12
12 79
12 144
12 145
12 206
12 207
12 208
12 209
12 210
12 211
12 360
12 361
12 362
12 363
12 364
12 435
12 436
12 437
12 438
12 439
12 146
12 152
12 168
12 30
12 217
12 183
79 79
79 144
79 145
79 206
79 207
79 208
79 209
79 210
79 211
79 362
79 363
79 364
79 437
79 438
79 439
79 147
79 294
79 151
79 288
79 267
79 315
79 347
79 422
79 388
79 463
79 352
79 427
144 144
144 145
144 206
144 207
144 208
144 209
144 210
144 211
144 360
144 361
144 362
144 363
144 364
144 435
144 436
144 437
144 438
144 439
144 356
144 431
144 339
144 414
144 370
144 445
144 222
145 145
145 206
145 207
145 208
145 209
145 210
145 211
145 361
145 363
145 364
145 436
145 438
145 439
145 303
145 351
145 426
206 206
206 207
206 208
206 209
206 210
206 211
206 360
206 361
206 362
206 363
206 364
206 435
206 436
206 437
206 438
206 439
206 323
206 398
206 291
207 207
207 208
207 209
207 210
207 211
207 360
207 361
207 362
207 363
207 364
207 435
207 436
207 437
207 438
207 439
207 324
207 399
208 208
208 209
208 210
208 211
208 363
208 364
208 438
208 439
209 209
209 210
209 211
209 363
209 364
209 438
209 439
210 210
210 211
210 363
210 364
210 438
210 439
210 269
210 314
210 300
211 211
211 363
211 364
211 438
211 439
211 485
360 360
360 361
360 362
360 363
360 364
360 435
360 436
360 437
360 438
360 439
360 421
360 383
360 458
361 361
361 362
361 363
361 364
361 435
361 436
361 437
361 438
361 439
361 426
362 362
362 363
362 364
362 435
362 436
362 437
362 438
362 439
362 393
362 468
362 422
362 388
362 463
362 427
363 363
363 364
363 435
363 436
363 437
363 438
363 439
363 381
363 456
363 483
364 364
364 435
364 436
364 437
364 438
364 439
364 433
435 435
435 436
435 437
435 438
435 439
435 458
436 436
436 437
436 438
436 439
437 437
437 438
437 439
437 468
437 463
438 438
438 439
438 456
438 483
439 439
13 209
13 13
13 14
13 146
13 147
13 148
13 294
13 295
13 296
13 297
13 365
13 366
13 440
13 441
13 15
13 150
14 14
14 146
14 147
14 148
14 294
14 295
14 296
14 297
14 379
14 454
14 286
14 58
14 59
14 97
14 341
14 416
14 81
14 353
14 428
146 146
146 147
146 148
146 294
146 295
146 296
146 297
146 152
146 168
146 217
146 183
147 362
147 437
147 147
147 148
147 294
147 295
147 296
147 297
147 151
147 393
147 468
147 347
147 422
147 388
147 463
147 352
147 427
148 209
148 148
148 294
148 295
148 296
148 297
148 150
294 294
294 295
294 296
294 297
294 365
294 366
294 440
294 441
294 315
294 347
294 422
295 295
295 296
295 297
295 365
295 366
295 440
295 441
295 389
295 464
296 296
296 297
297 297
297 390
297 465
297 298
365 365
365 366
365 440
365 441
365 384
365 459
366 366
366 440
366 441
366 380
366 455
366 386
366 461
440 440
440 441
440 459
441 441
441 455
441 461
15 294
15 15
15 16
15 150
15 151
15 152
15 215
15 192
15 196
15 288
15 267
15 34
15 315
16 362
16 437
16 16
16 150
16 151
16 152
16 215
16 393
16 468
16 99
16 100
16 388
16 463
16 352
16 427
150 209
150 150
150 151
150 152
150 215
151 362
151 437
151 151
151 152
151 215
151 393
151 468
151 347
151 422
151 388
151 463
151 352
151 427
152 152
152 215
152 168
152 217
152 183
215 366
215 441
215 215
215 380
215 455
215 386
215 461
31 31
31 379
31 380
31 454
31 455
31 287
31 268
31 313
31 302
379 379
379 380
379 454
379 455
379 428
379 381
379 382
379 456
379 457
380 441
380 380
380 454
380 455
380 386
380 461
380 381
380 382
380 456
380 457
454 454
454 455
454 456
454 457
455 455
455 461
455 456
455 457
23 180
23 160
23 23
23 189
23 190
23 191
23 192
23 193
23 216
189 189
189 190
189 191
189 192
190 190
190 191
190 192
191 191
191 192
192 294
192 192
192 196
192 288
192 267
192 315
35 366
35 441
35 215
35 380
35 455
35 35
35 85
35 393
35 394
35 395
35 468
35 469
35 470
35 212
35 82
35 386
35 461
85 364
85 439
85 85
85 393
85 394
85 395
85 468
85 469
85 470
85 358
85 433
393 437
393 393
393 394
393 395
393 468
393 469
393 470
393 463
393 427
394 394
394 395
394 468
394 469
394 470
395 395
395 468
395 469
395 470
468 468
468 469
468 470
469 469
469 470
470 470
17 279
17 206
17 17
17 166
17 167
17 168
17 205
17 291
166 207
166 166
166 167
166 168
166 324
166 399
167 167
167 168
168 168
168 217
168 183
20 158
20 189
20 20
28 167
28 28
28 29
28 203
28 204
28 205
29 29
29 203
29 204
29 205
29 200
29 194
203 203
203 204
204 204
205 206
205 205
205 323
205 398
205 291
26 29
26 26
26 27
26 200
27 204
27 27
27 200
27 195
200 200
141 141
141 142
141 143
141 193
141 194
141 195
141 196
141 242
142 142
142 143
142 193
142 194
142 195
142 196
142 337
142 412
142 371
142 446
142 325
142 400
143 143
143 193
143 194
143 195
143 196
143 350
143 425
193 193
193 194
193 195
193 196
193 216
194 200
194 194
194 195
194 196
195 204
195 195
195 196
196 294
196 196
196 288
196 267
196 315
30 146
30 365
30 366
30 440
30 441
30 152
30 168
30 30
30 217
30 183
2 2
2 286
2 287
2 288
2 473
2 481
2 70
286 379
286 454
286 286
286 287
286 288
286 353
286 428
287 287
287 288
287 302
288 294
288 288
288 315
288 347
288 422
48 48
48 251
48 252
48 265
48 266
48 267
48 268
48 269
48 270
48 271
48 473
48 53
48 281
48 55
251 251
251 252
251 265
251 266
251 267
251 268
251 269
251 270
251 271
251 473
252 252
252 265
252 266
252 267
252 268
252 269
252 270
252 271
252 473
252 477
265 265
265 266
265 267
265 268
265 269
265 270
265 271
265 473
266 266
266 267
266 268
266 269
266 270
266 271
266 473
266 281
267 294
267 288
267 267
267 268
267 269
267 270
267 271
267 473
267 315
267 347
267 422
268 287
268 268
268 269
268 270
268 271
268 473
268 313
268 302
269 269
269 270
269 271
269 473
269 314
269 300
270 297
270 270
270 271
270 473
270 390
270 465
270 298
271 279
271 271
271 473
473 473
473 481
6 42
6 252
6 6
6 292
6 293
6 43
6 117
292 292
292 293
293 293
8 251
8 8
33 211
33 33
33 34
33 216
33 217
33 218
33 97
33 86
33 342
33 417
34 79
34 294
34 192
34 196
34 288
34 267
34 34
34 216
34 217
34 218
34 67
34 315
34 61
34 347
34 422
216 216
216 217
216 218
217 217
217 218
218 218
218 301
32 210
32 269
32 32
32 66
32 314
32 58
32 300
32 83
65 296
65 65
65 66
65 67
65 313
65 314
65 315
65 389
65 390
65 391
65 464
65 465
65 466
66 210
66 269
66 66
66 67
66 313
66 314
66 315
66 389
66 390
66 391
66 464
66 465
66 466
66 300
66 83
67 79
67 147
67 294
67 192
67 196
67 288
67 267
67 67
67 315
67 389
67 390
67 391
67 464
67 465
67 466
67 347
67 422
313 313
313 314
313 315
314 314
314 315
315 315
315 389
315 390
315 391
315 464
315 465
315 466
315 347
315 422
389 389
389 390
389 391
389 464
389 465
389 466
389 424
390 390
390 391
390 464
390 465
390 466
391 391
391 464
391 465
391 466
464 464
464 465
464 466
465 465
465 466
466 466
212 366
212 441
212 215
212 380
212 455
212 212
212 386
212 461
43 43
43 53
43 280
43 281
43 125
53 266
53 53
53 280
53 281
53 55
280 280
280 281
280 319
281 281
0 131
0 111
0 0
0 114
0 115
0 116
0 117
0 118
0 123
114 114
114 115
114 116
114 117
114 118
115 115
115 116
115 117
115 118
116 116
116 117
116 118
116 124
117 174
117 137
117 252
117 117
117 118
117 477
118 118
3 116
3 3
3 123
3 124
3 125
123 131
123 123
123 124
123 125
124 124
124 125
125 125
1 116
1 124
1 1
5 132
5 110
5 118
5 5
5 133
133 133
133 481
7 112
7 115
7 7
7 330
7 405
330 330
330 405
330 357
330 432
405 405
405 432
19 133
19 19
19 481
19 70
54 277
54 54
54 229
54 282
54 283
54 284
54 285
229 229
229 282
229 283
229 284
229 285
229 240
282 293
282 282
282 283
282 284
282 285
283 292
283 283
283 284
283 285
284 292
284 284
284 285
285 330
285 405
285 285
285 357
285 432
285 320
58 210
58 146
58 147
58 148
58 295
58 296
58 297
58 269
58 66
58 314
58 58
58 59
58 97
58 300
58 83
59 296
59 65
59 59
59 97
59 60
97 211
97 97
97 485
60 296
60 65
60 60
60 61
60 303
60 301
60 302
61 79
61 362
61 437
61 147
61 294
61 151
61 288
61 267
61 67
61 315
61 61
61 347
61 422
61 388
61 463
61 352
61 427
303 361
303 436
303 303
303 340
303 415
303 351
303 426
101 101
101 346
101 347
101 348
101 349
101 421
101 422
101 423
101 424
101 482
101 350
101 425
101 382
101 457
101 484
346 360
346 435
346 346
346 347
346 348
346 349
346 421
346 422
346 423
346 424
346 383
346 458
347 362
347 437
347 347
347 348
347 349
347 421
347 422
347 423
347 424
347 388
347 463
347 352
347 427
348 348
348 349
348 421
348 422
348 423
348 424
349 389
349 464
349 349
349 421
349 422
349 423
349 424
421 435
421 421
421 422
421 423
421 424
421 458
422 437
422 422
422 423
422 424
422 463
422 427
423 423
423 424
424 464
424 424
73 73
73 74
73 300
73 481
73 482
74 101
74 74
74 300
74 481
74 482
74 88
74 484
300 314
300 300
300 481
300 482
481 481
481 482
482 482
482 484
62 297
62 270
62 390
62 465
62 62
62 80
62 308
62 309
62 378
62 453
62 95
62 298
80 360
80 435
80 346
80 421
80 80
80 308
80 309
80 378
80 453
80 383
80 458
308 308
308 309
308 378
308 453
308 342
308 417
309 309
309 378
309 453
378 378
378 453
378 430
453 453
95 95
95 96
95 385
95 460
96 295
96 389
96 464
96 349
96 424
96 96
82 366
82 441
82 215
82 380
82 455
82 212
82 82
82 385
82 386
82 387
82 460
82 461
82 462
385 385
385 386
385 387
385 460
385 461
385 462
385 459
386 441
386 455
386 386
386 387
386 460
386 461
386 462
386 459
387 387
387 460
387 461
387 462
387 459
460 460
460 461
460 462
461 461
461 462
462 462
84 309
84 84
78 78
78 98
78 355
78 356
78 357
78 358
78 430
78 431
78 432
78 433
78 338
78 413
78 369
78 444
98 142
98 98
98 357
98 358
98 432
98 433
98 337
98 412
98 371
98 446
98 325
98 400
355 378
355 453
355 355
355 356
355 357
355 358
355 430
355 431
355 432
355 433
355 427
355 428
355 429
356 356
356 357
356 358
356 430
356 431
356 432
356 433
356 414
356 370
356 445
356 427
356 428
356 429
357 405
357 357
357 358
357 430
357 431
357 432
357 433
357 427
357 428
357 429
358 364
358 439
358 358
358 430
358 431
358 432
358 433
358 427
358 428
358 429
430 453
430 430
430 431
430 432
430 433
431 431
431 432
431 433
431 445
432 432
432 433
433 439
433 433
337 337
337 338
337 339
337 340
337 341
337 412
337 413
337 414
337 415
337 416
337 371
337 446
337 400
338 338
338 339
338 340
338 341
338 412
338 413
338 414
338 415
338 416
338 369
338 444
339 356
339 431
339 339
339 340
339 341
339 412
339 413
339 414
339 415
339 416
339 370
339 445
340 340
340 341
340 412
340 413
340 414
340 415
340 416
340 351
340 426
341 341
341 412
341 413
341 414
341 415
341 416
341 353
341 428
412 412
412 413
412 414
412 415
412 416
412 446
413 413
413 414
413 415
413 416
413 444
414 431
414 414
414 415
414 416
414 445
415 415
415 416
415 426
416 416
416 428
81 341
81 416
81 81
81 353
81 428
86 97
86 308
86 86
86 87
86 383
86 458
86 485
86 342
86 417
86 483
86 484
87 295
87 389
87 464
87 96
87 87
87 383
87 458
87 485
383 435
383 421
383 383
383 458
383 485
458 458
458 485
485 485
88 101
88 482
88 88
88 89
88 484
89 348
89 423
89 89
91 303
91 340
91 415
91 91
91 92
91 351
91 426
92 144
92 356
92 431
92 339
92 414
92 92
92 370
92 445
369 413
369 369
369 370
369 371
369 444
369 445
369 446
370 431
370 414
370 370
370 371
370 444
370 445
370 446
371 412
371 371
371 444
371 445
371 446
371 400
444 444
444 445
444 446
445 445
445 446
446 446
36 206
36 205
36 36
36 233
36 234
36 323
36 398
36 291
233 265
233 233
233 234
234 234
323 323
323 324
323 325
323 398
323 399
323 400
324 324
324 325
324 398
324 399
324 400
325 337
325 412
325 371
325 446
325 325
325 398
325 399
325 400
398 398
398 399
398 400
399 399
399 400
400 412
400 446
400 400
55 266
55 281
55 55
55 70
55 126
55 127
55 128
55 258
55 290
55 291
55 476
55 477
70 473
70 133
70 481
70 70
70 126
70 127
70 128
70 258
70 290
70 291
70 476
70 477
126 169
126 126
126 127
126 128
126 258
126 290
126 291
126 476
126 477
127 127
127 128
127 258
127 290
127 291
127 476
127 477
128 170
128 128
128 258
128 290
128 291
128 476
128 477
258 262
258 258
258 290
258 291
258 476
258 477
290 290
290 291
290 476
290 477
291 323
291 398
291 291
291 476
291 477
476 476
476 477
477 477
99 393
99 468
99 99
99 100
99 350
99 425
100 362
100 437
100 147
100 151
100 393
100 468
100 100
100 350
100 425
100 388
100 463
100 352
100 427
350 350
350 425
425 425
83 210
83 269
83 314
83 300
83 83
83 388
83 463
388 437
388 393
388 468
388 422
388 388
388 463
388 427
463 468
463 463
181 331
181 406
181 181
181 182
181 183
182 333
182 408
182 182
182 183
183 217
183 183
301 303
301 301
301 302
302 303
302 302
219 385
219 460
219 219
219 319
219 320
219 392
219 467
319 319
319 320
319 392
319 467
320 330
320 405
320 357
320 432
320 320
320 392
320 467
392 392
392 467
392 429
392 457
467 467
221 221
221 222
222 356
222 431
222 339
222 414
222 222
223 231
223 223
223 224
224 230
224 476
224 224
39 141
39 39
39 239
39 240
39 242
239 239
240 240
40 40
40 241
40 242
241 241
241 242
242 242
298 390
298 465
298 298
351 361
351 436
351 415
351 351
351 352
351 353
351 354
351 426
351 427
351 428
351 429
352 362
352 437
352 393
352 468
352 422
352 355
352 356
352 357
352 358
352 430
352 431
352 432
352 433
352 388
352 463
352 352
352 353
352 354
352 426
352 427
352 428
352 429
353 379
353 454
353 355
353 356
353 357
353 358
353 430
353 431
353 432
353 433
353 416
353 353
353 354
353 426
353 427
353 428
353 429
354 355
354 356
354 357
354 358
354 430
354 431
354 432
354 433
354 392
354 467
354 354
354 426
354 427
354 428
354 429
354 382
354 457
426 436
426 426
426 427
426 428
426 429
427 437
427 468
427 430
427 431
427 432
427 433
427 463
427 427
427 428
427 429
428 454
428 430
428 431
428 432
428 433
428 428
428 429
429 430
429 431
429 432
429 433
429 467
429 429
429 457
342 342
342 417
417 417
46 363
46 438
46 379
46 380
46 454
46 455
46 46
46 90
46 381
46 382
46 456
46 457
46 483
90 365
90 440
90 379
90 380
90 454
90 455
90 90
90 381
90 382
90 456
90 457
90 384
90 459
381 438
381 454
381 455
381 381
381 382
381 456
381 457
381 483
382 454
382 455
382 392
382 467
382 429
382 382
382 456
382 457
456 456
456 457
456 483
457 467
457 457
384 440
384 385
384 386
384 387
384 460
384 461
384 462
384 384
384 459
459 460
459 461
459 462
459 459
483 483
483 484
484 484
63 63
63 312
312 312
312 317
68 68
68 317
68 318
317 317
317 318
318 318
105 105
105 106
105 107
105 220
106 106
106 107
106 220
107 107
107 220
107 109
220 220
220 244
108 108
108 109
109 109
41 41
41 244
41 245
244 244
244 245
245 245
38 38
38 188
188 188
188 335
188 336
188 410
188 411
187 187
187 335
187 336
187 410
187 411
335 335
335 336
335 410
335 411
336 336
336 410
336 411
410 410
410 411
411 411
10 10
10 140
140 140
140 149
149 149
22 22
22 185
22 186
22 155
185 185
185 186
186 186
153 153
153 154
153 155
153 156
154 154
154 155
154 156
155 155
155 156
156 156
25 156
25 25
25 198
198 198
69 185
69 69
69 256
256 256
37 37
37 138
138 138
138 139
139 139
11 11
11 24
24 24
24 202
201 201
201 202
202 202
9 9
21 21
44 44
47 47
56 56
56 57
57 57
64 64
71 71
75 75
76 76
77 77
93 93
93 94
93 372
93 447
94 94
94 372
94 447
372 372
372 447
447 447
102 102
119 119
119 120
119 121
119 122
120 120
120 121
120 122
121 121
121 122
122 122
134 134
134 135
135 135
161 161
161 162
162 162
163 163
163 164
163 165
164 164
164 165
165 165
171 171
171 172
171 173
171 257
171 289
171 474
172 172
172 173
172 257
172 289
172 474
173 173
173 257
173 289
173 474
257 257
257 289
257 474
289 289
289 474
474 474
184 184
197 197
199 199
213 213
213 214
214 214
225 225
226 226
226 227
226 228
226 321
226 396
227 227
227 228
227 321
227 396
228 228
228 321
228 396
321 321
321 396
396 396
232 232
232 478
478 478
235 235
236 236
236 237
236 238
237 237
237 238
238 238
243 243
246 246
247 247
247 248
247 249
248 248
248 249
249 249
250 250
253 253
253 254
254 254
259 259
263 263
264 264
273 273
274 274
275 275
276 276
299 299
304 304
304 305
304 306
304 307
304 376
304 377
304 451
304 452
305 305
305 306
305 307
305 376
305 377
305 451
305 452
306 306
306 307
306 377
306 452
307 307
307 377
307 452
376 376
376 377
376 451
376 452
377 377
377 451
377 452
451 451
451 452
452 452
310 310
310 311
311 311
316 316
322 322
322 397
397 397
327 327
327 402
402 402
328 328
328 329
328 403
328 404
329 329
329 403
329 404
403 403
403 404
404 404
343 343
343 344
343 345
343 418
343 419
343 420
344 344
344 345
344 418
344 419
344 420
345 345
345 418
345 419
345 420
418 418
418 419
418 420
419 419
419 420
420 420
359 359
359 434
434 434
367 367
367 368
367 442
367 443
368 368
368 442
368 443
442 442
442 443
443 443
373 373
373 374
373 448
373 449
374 374
374 448
374 449
448 448
448 449
449 449
375 375
375 450
450 450
471 471
475 475
479 479
