211 211
211 213
213 213
108 108
108 109
108 110
108 128
109 109
109 110
109 111
109 112
109 113
109 149
110 110
110 111
110 112
110 113
110 155
127 127
127 128
127 129
127 134
128 128
128 129
129 129
129 191
111 111
111 112
111 113
112 112
112 113
112 149
113 113
113 126
155 155
155 156
155 157
155 158
155 159
155 160
156 156
156 157
156 158
156 159
156 160
156 189
157 157
157 158
157 159
157 160
158 158
158 159
158 160
159 159
159 160
159 189
159 190
160 160
126 126
119 156
119 159
119 119
119 120
119 189
120 120
120 176
176 176
176 177
177 177
177 184
134 134
188 188
188 189
188 190
188 191
189 189
189 190
189 191
190 190
190 191
191 191
145 160
145 145
145 146
146 146
148 157
148 158
148 148
148 149
148 150
149 149
149 150
150 150
183 188
183 183
183 184
183 185
184 184
184 185
185 185
185 203
203 203
181 181
181 182
181 199
182 182
199 199
164 164
164 165
164 173
165 165
165 172
172 172
172 173
173 173
161 161
161 178
178 178
124 124
124 125
124 131
125 125
125 166
130 130
130 131
130 132
130 133
131 131
131 132
131 133
132 132
132 133
132 153
133 133
133 153
133 154
121 121
121 122
121 123
122 124
122 125
122 122
122 123
122 169
123 124
123 125
123 123
166 166
166 167
166 168
166 169
167 167
167 168
167 169
168 168
168 169
169 169
151 166
151 167
151 151
151 152
151 153
151 154
152 152
152 153
152 154
152 194
153 153
153 154
154 154
194 194
139 139
139 140
139 141
140 140
140 141
140 171
141 141
141 174
170 170
170 171
171 171
174 174
103 103
103 104
103 105
104 104
104 107
105 105
105 106
106 106
106 118
107 107
116 116
116 117
116 118
116 138
117 117
117 118
117 138
118 118
137 137
137 138
138 138
98 98
98 100
99 99
99 100
99 101
100 100
100 101
101 101
92 92
92 93
92 95
93 93
95 95
14 14
14 45
14 48
43 43
43 44
43 45
44 44
44 45
44 46
45 45
45 48
46 46
46 47
46 48
47 47
47 48
47 79
48 48
79 79
79 80
80 80
80 83
83 83
78 78
78 82
82 82
62 62
62 77
76 76
76 77
76 84
77 77
77 85
84 84
84 85
84 86
85 85
85 86
86 86
73 73
73 75
74 74
74 75
75 75
64 64
64 65
64 68
65 65
68 68
28 28
28 56
54 54
54 55
54 56
54 59
55 55
55 56
56 56
56 60
56 67
57 57
57 58
57 59
57 60
57 61
58 58
58 59
58 60
58 61
58 67
59 59
59 60
59 61
60 60
60 61
60 67
61 61
61 87
67 67
87 87
87 88
88 88
41 41
41 42
41 70
42 42
42 51
70 70
51 51
36 36
36 40
39 39
39 40
40 40
35 35
35 37
37 37
37 38
38 38
13 13
13 27
26 26
26 27
26 52
27 27
52 52
18 18
18 34
34 34
15 15
15 16
16 16
12 12
12 17
17 17
5 5
5 10
6 6
6 7
6 8
6 9
6 10
7 7
7 8
7 9
7 10
7 19
8 8
8 9
8 10
9 9
9 10
9 19
10 10
19 19
0 0
1 1
1 2
2 2
3 3
4 4
11 11
20 20
20 21
21 21
22 22
22 23
23 23
24 24
25 25
29 29
30 30
31 31
31 32
32 32
33 33
49 49
49 50
50 50
53 53
63 63
66 66
69 69
71 71
72 72
81 81
89 89
89 90
89 91
90 90
90 91
91 91
94 94
96 96
96 97
97 97
102 102
114 114
114 115
115 115
135 135
135 136
136 136
142 142
142 143
142 144
143 143
143 144
144 144
147 147
162 162
163 163
175 175
179 179
180 180
186 186
186 187
187 187
192 192
193 193
195 195
196 196
197 197
198 198
200 200
201 201
202 202
204 204
205 205
206 206
207 207
207 208
207 209
208 208
208 209
209 209
210 210
212 212
214 214
215 215
