/
108,38.89,1.83
109,38.71,1.64
110,38.71,2.18
111,38.68,2.2
112,38.64,1.62
113,38.59,2.61
119,36.95,2.06
120,36.94,1.97
126,35.98,2.61
127,35.69,2.72
128,35.66,1.84
129,35.5,2.12
134,34.98,2.71
145,31.88,1.24
146,31.72,3.51
148,31.44,1.35
149,31.39,1.63
150,31.26,1.09
155,30.74,2.17
156,30.67,2.05
157,30.66,1.33
158,30.57,1.35
159,30.56,2.07
160,30.56,1.24
176,25.86,1.97
177,25.78,1.29
183,22.8,2.02
184,22.73,1.27
185,22.67,0.85
188,21.61,2.02
189,21.55,2.06
190,21.48,2.09
191,21.46,2.11
203,14.15,0.86
/
121,36.64,1.65
122,36.47,1.9
123,36.46,2.69
124,36.41,2.09
125,36.35,1.88
130,35.46,2.74
131,35.43,2.1
132,35.32,1.61
133,35.3,1.59
151,30.95,1.85
152,30.88,2.15
153,30.81,1.59
154,30.78,1.57
166,27.85,1.87
167,27.82,1.85
168,27.79,2.41
169,27.69,1.91
194,20.42,2.16
/
28,73.66,4.19
54,64.89,3.81
55,64.79,5.06
56,64.73,4.18
57,64.03,5.09
58,64.02,4.15
59,64.0,3.81
60,63.94,4.17
61,63.89,3.73
67,62.11,4.16
87,54.24,3.74
88,54.13,4.03
/
14,101.64,3.51
43,67.67,5.16
44,67.57,5.02
45,67.55,3.5
46,66.76,5.02
47,66.7,3.39
48,66.67,3.5
79,56.54,3.38
80,56.37,2.65
83,55.54,2.65
/
103,40.91,2.84
104,40.87,2.69
105,40.05,2.84
106,40.04,2.81
107,39.2,2.7
116,38.21,2.33
117,38.14,2.35
118,38.1,2.8
137,33.98,2.62
138,33.88,2.34
/
5,129.07,7.34
6,128.08,7.2
7,128.08,7.24
8,128.06,7.3
9,128.05,7.26
10,128.01,7.33
19,77.71,7.25
/
139,33.42,2.56
140,33.25,1.92
141,33.23,1.7
170,27.29,1.99
171,27.13,1.92
174,26.84,1.69
/
62,63.54,4.21
76,57.46,4.36
77,57.39,4.22
84,54.51,4.36
85,54.37,4.23
86,54.31,3.8
/
13,108.21,4.58
26,74.14,5.06
27,74.08,4.59
52,65.64,5.06
/
164,28.1,1.23
165,27.96,2.39
172,27.08,2.39
173,27.01,1.25
/
41,68.17,3.63
42,68.08,5.12
51,66.1,5.11
70,61.22,3.64
/
98,42.94,2.46
99,42.14,2.51
100,42.09,2.46
101,41.99,4.59
/
35,70.05,3.56
37,68.97,3.55
38,68.91,3.61
/
36,69.18,3.68
39,68.4,3.46
40,68.37,3.67
/
64,62.61,4.99
65,62.53,3.8
68,61.67,5.0
/
73,58.65,2.99
74,57.95,3.13
75,57.8,2.99
/
89,53.48,3.81
90,53.42,3.74
91,53.28,3.92
/
92,51.75,3.2
93,51.64,3.05
95,47.98,3.2
/
142,32.53,2.22
143,32.38,2.34
144,32.36,2.24
/
181,23.81,1.8
182,23.81,1.35
199,15.81,1.81
/
207,12.19,1.87
208,12.13,1.81
209,12.12,1.83
/
1,138.66,6.82
2,138.53,6.89
/
15,95.67,4.73
16,90.74,4.72
/
12,119.18,3.78
17,79.49,3.79
/
20,77.33,7.25
21,77.24,7.24
/
22,76.84,7.24
23,76.75,5.74
/
31,72.55,4.64
32,72.45,4.58
/
18,78.22,3.61
34,70.57,3.62
/
49,66.4,3.62
50,66.34,4.9
/
78,56.84,3.37
82,55.99,3.37
/
96,47.63,3.31
97,47.58,3.24
/
114,38.44,2.85
115,38.3,4.58
/
135,34.62,3.07
136,34.54,2.27
/
161,30.29,1.26
178,25.42,1.26
/
186,22.45,2.01
187,22.41,0.95
/
211,11.51,0.89
213,10.99,0.9
/
0,139.08,6.92
/
3,138.45,6.79
/
4,129.98,7.02
/
11,125.82,7.73
/
24,75.88,5.84
/
25,74.51,4.61
/
29,73.24,4.58
/
30,72.97,4.74
/
33,71.25,3.44
/
53,65.29,5.13
/
63,63.19,3.82
/
66,62.32,4.13
/
69,61.43,3.49
/
71,60.43,3.81
/
72,59.57,1.39
/
81,56.28,3.38
/
94,48.22,3.27
/
102,41.24,2.46
/
147,31.68,1.55
/
162,29.68,1.23
/
163,28.8,1.23
/
175,26.2,2.17
/
179,25.08,1.59
/
180,24.34,1.65
/
192,21.41,1.98
/
193,20.75,2.02
/
195,20.01,2.02
/
196,19.75,0.82
/
197,19.33,1.35
/
198,16.44,1.13
/
200,15.4,1.79
/
201,15.12,1.75
/
202,14.6,1.8
/
204,13.75,1.8
/
205,13.3,0.86
/
206,12.98,1.81
/
210,11.93,1.79
/
212,11.26,1.81
/
214,9.61,1.84
/
215,1.05,0.05
