347 347
347 666
347 405
666 666
404 404
404 405
404 406
404 407
405 405
405 406
405 407
406 406
406 407
406 519
407 407
357 407
357 357
357 358
357 649
357 868
358 358
358 649
358 868
649 649
649 868
868 868
868 875
519 519
273 273
273 335
334 334
334 335
334 875
334 877
335 335
335 875
875 875
329 329
329 330
329 673
329 877
330 334
330 330
330 673
330 877
673 673
673 877
877 877
391 391
391 393
391 433
393 393
432 432
432 433
432 434
432 853
432 854
432 855
432 856
432 857
433 433
433 434
433 853
433 854
433 855
433 856
434 434
434 853
434 854
434 855
434 536
434 435
434 436
434 851
853 853
853 854
853 855
853 862
853 859
853 856
853 857
854 854
854 855
854 856
854 858
855 855
855 856
397 854
397 397
397 398
397 858
398 398
398 976
398 913
398 896
398 537
418 853
418 418
418 419
418 861
418 862
418 420
418 859
418 857
419 419
419 861
419 862
419 421
419 860
861 861
861 862
862 862
420 853
420 862
420 420
420 421
420 859
420 860
420 857
421 861
421 421
421 859
421 860
859 862
859 859
859 860
860 861
860 860
431 432
431 431
431 856
431 857
431 858
856 856
857 862
857 859
857 857
857 858
858 858
228 228
228 743
228 685
743 743
743 922
275 398
275 275
275 684
275 685
275 686
275 687
275 688
275 913
275 289
684 684
684 685
684 686
684 687
684 886
684 887
684 869
684 890
684 872
685 685
685 686
685 687
686 686
686 687
687 687
687 906
688 688
688 908
688 905
250 250
250 251
250 252
250 253
250 705
250 706
250 707
250 906
250 907
250 908
250 1002
250 999
250 977
250 978
251 686
251 251
251 252
251 253
251 705
251 706
251 707
251 907
251 908
252 684
252 252
252 253
252 705
252 706
252 707
252 907
252 908
252 308
252 309
252 886
252 887
252 869
252 568
252 302
252 890
252 872
252 317
253 253
253 705
253 706
253 707
253 906
253 907
253 908
253 817
253 351
705 705
705 706
705 707
705 906
705 907
705 908
705 930
705 794
705 968
705 962
705 954
706 706
706 707
706 906
706 907
706 908
706 792
706 749
706 963
706 762
706 784
706 952
706 954
706 739
707 707
707 906
707 907
707 908
707 823
707 969
707 970
707 989
707 987
707 769
707 740
906 906
906 907
906 908
907 907
907 908
908 908
46 46
46 1025
46 48
46 811
46 104
46 98
46 102
1025 1025
47 47
47 48
47 49
47 1024
47 50
47 678
47 677
47 704
48 1025
48 48
48 49
48 1024
48 1021
48 58
48 811
48 104
48 984
48 98
48 102
49 49
49 1024
49 50
49 205
49 152
49 155
1024 1024
50 1024
50 50
50 678
50 677
50 704
15 15
15 16
15 827
16 16
21 21
21 22
21 23
21 24
21 25
21 26
21 27
21 28
21 29
21 30
21 826
21 827
21 828
21 1030
21 1031
21 203
21 32
22 22
22 23
22 24
22 25
22 26
22 27
22 28
22 29
22 30
22 826
22 827
22 828
22 1030
22 1031
22 33
22 97
23 23
23 24
23 25
23 26
23 27
23 28
23 29
23 30
23 826
23 827
23 828
23 1030
23 1031
23 34
24 24
24 25
24 26
24 27
24 28
24 29
24 30
24 826
24 827
24 828
24 1030
24 1031
25 25
25 26
25 27
25 28
25 29
25 30
25 826
25 827
25 828
25 1030
25 1031
25 36
25 37
26 26
26 27
26 28
26 29
26 30
26 826
26 827
26 828
26 1030
26 1031
26 36
26 37
26 1032
27 27
27 28
27 29
27 30
27 826
27 827
27 828
27 1030
27 1031
27 38
27 59
28 28
28 29
28 30
28 826
28 827
28 828
28 1030
28 1031
28 39
29 29
29 30
29 826
29 827
29 828
29 1030
29 1031
29 290
30 30
30 826
30 827
30 828
30 1030
30 1031
826 826
826 827
826 828
826 1030
826 1031
826 1032
827 827
827 828
827 1030
827 1031
828 828
828 1030
828 1031
1030 1030
1030 1031
1031 1031
1031 1032
203 203
203 204
203 205
203 206
203 207
203 208
203 209
203 210
203 211
203 214
203 215
203 217
203 218
203 220
203 763
203 930
203 931
203 932
203 933
203 934
203 219
204 204
204 205
204 206
204 207
204 208
204 209
204 210
204 211
204 214
204 215
204 217
204 218
204 220
204 763
204 930
204 931
204 932
204 933
204 934
204 219
204 760
204 761
204 762
205 205
205 206
205 207
205 208
205 209
205 210
205 211
205 214
205 218
205 220
205 763
205 930
205 931
205 932
205 933
205 934
205 641
206 1025
206 206
206 207
206 208
206 209
206 210
206 211
206 214
206 218
206 220
206 763
206 930
206 931
206 932
206 933
206 934
206 1022
206 967
206 741
206 973
206 212
206 761
206 789
206 626
206 640
207 1025
207 207
207 208
207 209
207 210
207 211
207 214
207 215
207 217
207 218
207 220
207 763
207 930
207 931
207 932
207 933
207 934
207 1022
207 823
207 967
207 969
207 741
207 212
207 216
207 219
207 760
207 761
207 762
207 789
207 740
207 662
207 633
207 640
208 208
208 209
208 210
208 211
208 214
208 218
208 220
208 763
208 930
208 931
208 932
208 933
208 934
208 970
208 665
208 742
208 986
208 1007
208 213
208 769
208 661
208 554
209 209
209 210
209 211
209 214
209 215
209 218
209 220
209 763
209 930
209 931
209 932
209 933
209 934
209 1001
209 742
209 986
209 1007
209 213
209 554
210 210
210 211
210 214
210 218
210 220
210 763
210 930
210 931
210 932
210 933
210 934
210 216
211 211
211 214
211 217
211 763
211 930
211 931
211 932
211 933
211 934
211 239
211 953
214 214
214 215
214 217
214 218
214 220
214 763
214 930
214 931
214 932
214 933
214 1001
214 742
214 986
214 1007
214 216
214 219
214 760
214 761
214 762
214 769
214 554
215 215
215 217
215 218
215 220
215 763
215 930
215 931
215 932
215 933
215 1001
215 1007
215 216
215 219
215 760
215 761
215 762
215 767
217 217
217 218
217 220
217 763
217 930
217 931
217 932
217 933
217 219
217 760
217 761
217 762
217 239
217 953
218 218
218 220
218 763
218 930
218 931
218 932
218 933
218 530
218 219
218 760
218 761
218 762
220 220
220 763
220 930
220 931
220 932
220 933
220 232
220 760
220 761
220 762
763 763
763 930
763 931
763 932
763 933
763 934
763 998
763 965
763 803
763 988
763 974
930 930
930 931
930 932
930 933
930 968
930 962
930 954
931 1025
931 931
931 932
931 933
931 1022
931 967
931 973
932 932
932 933
932 970
932 986
932 1007
933 933
933 934
933 1021
933 1014
933 1010
933 984
934 934
934 964
934 960
31 826
31 827
31 828
31 1030
31 1031
31 31
31 32
31 33
31 34
31 35
31 36
31 37
31 38
31 39
31 40
31 41
31 42
32 826
32 827
32 828
32 1030
32 1031
32 203
32 32
32 33
32 34
32 35
32 36
32 37
32 38
32 39
32 40
32 41
32 42
32 240
33 826
33 827
33 828
33 1030
33 1031
33 33
33 34
33 35
33 36
33 37
33 38
33 39
33 40
33 41
33 42
33 97
34 826
34 827
34 828
34 1030
34 1031
34 34
34 35
34 36
34 37
34 38
34 39
34 40
34 41
34 42
35 826
35 827
35 828
35 1030
35 1031
35 35
35 36
35 37
35 38
35 39
35 40
35 41
35 42
36 826
36 827
36 828
36 1030
36 1031
36 36
36 37
36 38
36 39
36 40
36 41
36 42
37 826
37 827
37 828
37 1030
37 1031
37 37
37 38
37 39
37 40
37 41
37 42
37 1032
38 826
38 827
38 828
38 1030
38 1031
38 38
38 39
38 40
38 41
38 42
38 1032
38 59
39 826
39 827
39 828
39 1030
39 1031
39 39
39 40
39 41
39 42
40 826
40 827
40 828
40 1030
40 1031
40 40
40 41
40 42
40 290
41 826
41 827
41 828
41 1030
41 1031
41 41
41 42
41 266
42 826
42 827
42 828
42 1030
42 1031
42 42
1032 1032
290 290
290 894
290 895
290 896
290 897
290 898
894 894
894 895
894 900
894 901
894 897
895 895
895 896
895 897
895 898
240 240
59 826
59 1030
59 1031
59 1032
59 59
59 60
59 61
60 60
60 61
60 831
61 61
61 310
61 888
61 320
61 883
61 879
266 266
55 55
55 56
55 1020
55 1021
55 1022
56 933
56 56
56 1020
56 1021
56 1022
56 57
56 58
56 64
56 1014
56 66
56 819
56 1010
56 984
56 748
1020 1020
1020 1021
1020 1022
1021 1021
1021 1022
1022 1025
1022 1022
57 1020
57 1021
57 1022
57 57
57 58
57 823
57 810
57 85
57 87
57 62
57 1014
57 1015
57 67
57 70
57 819
57 820
57 1010
57 73
57 1008
57 795
57 632
58 933
58 1021
58 58
58 823
58 64
58 1014
58 66
58 819
58 1010
58 984
58 748
823 823
823 967
823 969
823 970
823 989
823 987
501 501
501 831
831 831
305 305
305 306
305 307
305 308
305 309
305 310
305 311
305 886
305 887
305 888
305 889
305 885
305 343
305 341
305 871
305 312
305 313
306 306
306 307
306 308
306 309
306 310
306 311
306 886
306 887
306 888
306 889
306 885
306 567
306 871
306 312
306 313
306 364
307 684
307 307
307 308
307 309
307 310
307 311
307 886
307 887
307 888
307 889
307 346
307 869
307 567
307 872
307 312
307 364
308 684
308 308
308 309
308 310
308 311
308 886
308 887
308 888
308 889
308 346
308 869
308 568
308 890
308 872
308 312
308 317
309 684
309 309
309 310
309 311
309 886
309 887
309 888
309 889
309 568
309 890
309 312
309 317
310 310
310 311
310 886
310 887
310 888
310 889
310 344
310 312
310 320
310 883
310 879
311 311
311 886
311 887
311 888
311 889
311 312
886 886
886 887
886 888
886 889
886 890
887 887
887 888
887 889
887 890
888 888
888 889
889 889
94 94
94 95
94 96
94 808
94 809
94 810
94 998
94 966
94 999
94 1000
94 822
94 925
94 1003
94 660
95 763
95 95
95 96
95 808
95 809
95 810
95 998
95 115
95 965
95 118
95 803
95 988
95 811
95 999
95 1000
95 1001
95 925
95 974
95 736
95 553
95 690
96 96
96 808
96 809
96 810
96 998
96 115
96 965
96 966
96 118
96 803
96 925
96 98
96 99
96 100
96 1003
96 974
96 736
96 660
96 553
96 690
808 808
808 809
808 810
808 998
808 966
808 822
808 925
808 1003
809 809
809 810
809 998
809 999
809 1000
810 1020
810 810
810 998
810 999
810 1000
810 1014
810 1015
810 819
810 820
810 1010
810 1008
998 998
998 1003
108 705
108 706
108 930
108 108
108 109
108 110
108 111
108 805
108 994
108 995
108 996
108 792
108 794
108 968
108 157
108 762
108 962
108 784
108 952
108 954
108 739
108 658
109 706
109 109
109 110
109 111
109 994
109 995
109 996
109 153
109 792
109 749
109 157
109 963
109 762
109 784
109 952
109 954
109 739
109 658
109 663
109 667
110 934
110 110
110 111
110 805
110 994
110 995
110 996
110 991
110 760
110 689
111 934
111 111
111 805
111 994
111 995
111 996
111 991
111 760
111 689
805 805
805 996
805 822
805 1013
805 1015
805 821
805 1011
805 1008
994 994
994 995
994 996
995 995
995 996
995 1000
996 996
114 996
114 114
114 115
114 116
114 117
114 804
114 990
114 991
114 992
115 763
115 998
115 115
115 116
115 117
115 804
115 990
115 991
115 992
115 965
115 118
115 120
115 803
115 988
115 989
115 925
115 974
115 736
115 553
115 690
116 116
116 117
116 804
116 990
116 991
116 992
116 793
116 118
116 119
116 120
116 121
116 988
116 989
116 127
116 985
116 641
116 691
117 707
117 823
117 117
117 804
117 990
117 991
117 992
117 969
117 970
117 665
117 119
117 120
117 121
117 988
117 989
117 125
117 987
117 126
117 130
117 148
117 149
117 150
117 200
117 769
117 740
117 661
117 662
117 633
804 804
804 990
804 991
804 992
804 988
804 989
804 985
990 995
990 990
990 991
990 992
990 1000
991 994
991 991
991 992
992 996
992 992
152 705
152 930
152 152
152 153
152 154
152 791
152 792
152 793
152 794
152 965
152 966
152 967
152 968
152 969
152 970
152 155
152 962
153 706
153 153
153 154
153 791
153 792
153 793
153 794
153 965
153 966
153 967
153 968
153 969
153 970
153 749
153 157
153 963
153 762
153 158
153 784
153 952
153 739
153 658
153 663
153 667
154 154
154 791
154 792
154 793
154 794
154 965
154 966
154 967
154 968
154 969
154 970
154 922
154 156
154 812
154 975
791 791
791 792
791 793
791 965
791 966
791 967
791 968
791 964
791 973
791 959
792 792
792 793
792 965
792 966
792 967
792 968
792 963
792 964
792 952
792 954
793 804
793 793
793 965
793 966
793 967
793 968
793 985
793 964
794 930
794 794
794 968
794 969
794 970
794 973
794 962
794 954
965 998
965 965
965 966
965 967
965 968
965 988
965 974
966 998
966 966
966 967
966 968
966 1003
967 1025
967 1022
967 967
967 968
967 969
968 968
969 969
969 970
969 989
969 987
969 973
969 974
970 970
970 989
970 987
970 986
970 973
970 974
1 1
1 349
1 278
348 809
348 348
348 349
348 350
348 664
348 665
348 659
349 349
349 350
349 664
349 665
350 350
350 664
350 665
350 802
350 663
350 899
350 902
350 898
350 367
350 866
350 551
664 791
664 664
664 665
664 973
664 959
664 668
665 707
665 932
665 823
665 969
665 970
665 665
665 989
665 742
665 987
665 986
665 769
665 740
118 763
118 998
118 804
118 965
118 118
118 119
118 120
118 121
118 122
118 802
118 803
118 988
118 989
118 925
118 974
118 736
118 553
118 690
119 707
119 1025
119 206
119 207
119 931
119 1022
119 823
119 804
119 967
119 969
119 119
119 120
119 121
119 122
119 802
119 803
119 988
119 989
119 741
119 987
119 130
119 148
119 149
119 212
119 761
119 789
119 199
119 200
119 740
119 662
119 633
119 640
120 707
120 207
120 823
120 804
120 990
120 991
120 967
120 969
120 970
120 665
120 120
120 121
120 122
120 802
120 803
120 988
120 989
120 987
120 126
120 130
120 148
120 149
120 789
120 200
120 740
120 661
120 662
120 633
121 707
121 823
121 804
121 969
121 970
121 665
121 121
121 122
121 802
121 803
121 988
121 989
121 125
121 987
121 126
121 130
121 148
121 149
121 150
121 200
121 769
121 740
121 661
121 662
121 633
122 1025
122 206
122 207
122 931
122 1022
122 791
122 967
122 664
122 122
122 802
122 803
122 988
122 989
122 741
122 123
122 124
122 973
122 212
122 761
122 789
122 959
122 199
122 668
122 626
122 640
802 802
802 803
802 988
802 989
802 902
802 898
802 866
803 998
803 965
803 803
803 988
803 989
803 925
803 974
988 998
988 988
988 989
989 990
989 991
989 989
85 1020
85 810
85 85
85 86
85 88
85 89
85 1002
85 87
85 1014
85 1015
85 819
85 820
85 1010
85 1008
85 795
85 632
86 86
86 88
86 89
86 1002
86 87
86 90
86 806
86 766
88 995
88 990
88 88
88 89
88 1002
88 92
88 1000
88 231
88 920
88 768
89 250
89 89
89 1002
89 91
89 93
89 999
89 1001
89 143
89 977
1002 1002
87 1020
87 810
87 88
87 89
87 87
87 90
87 91
87 92
87 93
87 811
87 999
87 1000
87 1001
87 1014
87 1015
87 819
87 820
87 1010
87 1008
87 795
87 632
90 95
90 810
90 90
90 91
90 92
90 93
90 811
90 999
90 1000
90 1001
90 806
90 766
91 94
91 95
91 96
91 808
91 998
91 966
91 91
91 92
91 93
91 811
91 999
91 1000
91 1001
91 822
91 925
91 1003
91 660
92 94
92 95
92 809
92 810
92 995
92 990
92 92
92 93
92 811
92 999
92 1000
92 1001
92 231
92 920
92 234
93 250
93 94
93 95
93 809
93 810
93 1002
93 93
93 811
93 999
93 1000
93 1001
93 143
93 977
811 811
811 999
811 1000
811 1001
999 1002
999 999
999 1000
999 1001
1000 1000
1000 1001
1001 1001
1001 1007
63 63
63 64
63 65
63 315
63 822
63 1013
63 1014
63 510
64 933
64 1021
64 64
64 65
64 1014
64 66
64 67
64 69
64 819
64 820
64 821
64 1010
64 1012
64 984
64 748
65 94
65 808
65 805
65 966
65 91
65 65
65 822
65 1013
65 67
65 68
65 69
65 820
65 821
65 1011
65 1012
65 99
65 81
65 1003
65 660
314 314
314 315
314 885
314 344
314 870
315 315
315 510
885 889
885 885
62 1020
62 810
62 85
62 87
62 62
62 822
62 1013
62 1014
62 1015
62 67
62 70
62 819
62 820
62 1010
62 73
62 1008
62 795
62 632
822 966
822 822
822 1013
822 1014
822 1011
822 1003
1013 1013
1013 1014
1013 1015
1014 1020
1014 1021
1014 1014
1015 1020
1015 1015
66 933
66 1021
66 1014
66 66
66 67
66 68
66 69
66 70
66 71
66 818
66 819
66 820
66 821
66 1010
66 1011
66 1012
66 984
66 748
67 1020
67 810
67 805
67 85
67 87
67 1013
67 1015
67 67
67 68
67 69
67 70
67 818
67 819
67 820
67 821
67 1010
67 1011
67 1012
67 73
67 1008
67 99
67 795
67 632
68 94
68 808
68 805
68 966
68 91
68 822
68 1013
68 68
68 69
68 70
68 71
68 818
68 819
68 820
68 821
68 1010
68 1011
68 1012
68 99
68 81
68 1003
68 660
69 69
69 71
69 818
69 819
69 820
69 821
69 1010
69 1011
69 1012
69 230
69 1009
69 1004
69 160
69 765
69 912
69 233
69 919
70 1020
70 810
70 805
70 85
70 87
70 1013
70 1015
70 70
70 71
70 818
70 819
70 820
70 821
70 1010
70 1011
70 73
70 817
70 1008
70 1009
70 99
70 795
70 632
71 71
71 818
71 819
71 1010
71 1011
71 1012
71 230
71 817
71 1009
71 1004
71 160
71 765
71 912
71 233
71 919
818 818
818 819
818 1010
818 1011
818 978
819 933
819 1020
819 1021
819 1014
819 819
819 820
819 821
819 1010
819 1011
819 984
820 1020
820 1014
820 1015
820 820
820 821
820 1010
820 1011
820 1012
820 1008
821 822
821 1013
821 1015
821 821
821 1010
821 1011
821 1012
821 1008
1010 1020
1010 1021
1010 1014
1010 1010
1010 1011
1010 1012
1011 1013
1011 1015
1011 1011
1011 1012
1012 1012
44 44
44 229
229 229
229 230
229 231
229 232
229 235
229 741
229 742
229 920
229 921
229 922
230 743
230 1012
230 230
230 231
230 232
230 235
230 741
230 742
230 920
230 921
230 922
230 1009
230 1004
230 765
230 912
230 233
230 919
231 743
231 995
231 990
231 1000
231 231
231 232
231 235
231 741
231 742
231 920
231 921
231 922
231 768
232 232
232 235
232 741
232 742
232 920
232 921
232 922
232 738
232 739
232 740
235 235
235 741
235 742
235 920
235 921
235 922
235 790
235 236
235 237
235 738
235 739
235 740
235 918
235 919
741 1025
741 931
741 1022
741 967
741 741
741 742
741 920
741 921
741 922
741 973
741 761
741 789
742 743
742 932
742 970
742 742
742 920
742 921
742 922
742 986
742 1007
742 769
920 995
920 990
920 1000
920 920
920 921
920 922
921 921
921 922
922 922
922 975
140 209
140 215
140 1001
140 140
140 141
140 142
140 143
140 144
140 145
140 997
140 1007
140 202
140 767
141 706
141 153
141 791
141 792
141 664
141 141
141 142
141 143
141 144
141 145
141 749
141 157
141 963
141 147
141 978
141 158
141 959
141 784
141 952
141 663
141 667
141 668
142 154
142 922
142 142
142 143
142 144
142 145
142 156
142 812
142 146
142 975
142 976
142 977
142 978
142 201
143 1002
143 999
143 143
143 144
143 145
143 976
143 977
143 978
143 272
144 250
144 1002
144 999
144 818
144 144
144 145
144 146
144 978
144 172
145 218
145 145
145 975
145 976
145 977
145 978
145 530
104 811
104 104
104 105
104 106
104 806
104 807
104 997
104 766
105 215
105 1001
105 140
105 105
105 106
105 806
105 807
105 997
105 162
105 202
105 767
106 154
106 106
106 806
106 807
106 997
106 156
106 912
106 919
806 811
806 806
806 807
806 997
807 807
807 997
997 997
123 791
123 664
123 141
123 123
123 124
123 125
123 987
123 147
123 973
123 158
123 959
123 668
123 626
124 1025
124 206
124 207
124 931
124 1022
124 791
124 967
124 664
124 741
124 124
124 125
124 987
124 973
124 212
124 761
124 789
124 959
124 199
124 668
124 626
124 640
125 707
125 208
125 214
125 932
125 970
125 665
125 989
125 742
125 125
125 987
125 126
125 986
125 149
125 150
125 213
125 200
125 769
125 661
125 554
987 989
987 987
126 707
126 208
126 932
126 823
126 969
126 970
126 665
126 989
126 742
126 987
126 126
126 986
126 130
126 149
126 150
126 213
126 200
126 769
126 740
126 661
126 662
126 633
126 554
986 987
986 986
986 1007
127 804
127 793
127 127
127 130
127 984
127 985
127 691
130 707
130 207
130 823
130 967
130 969
130 970
130 665
130 989
130 987
130 130
130 984
130 985
130 148
130 149
130 789
130 200
130 740
130 661
130 662
130 633
984 1021
984 1014
984 1010
984 984
984 985
985 985
72 72
72 73
72 817
72 1007
72 1008
72 1009
72 226
73 1020
73 810
73 85
73 87
73 1014
73 1015
73 819
73 820
73 1010
73 73
73 1007
73 1008
73 795
73 632
817 817
817 1008
817 1009
1007 1007
1007 1008
1008 1020
1008 1013
1008 1015
1008 1011
1008 1008
1008 1009
1009 1012
1009 1009
226 226
226 748
226 749
226 925
748 933
748 1021
748 1014
748 819
748 1010
748 984
748 748
748 925
749 792
749 749
749 925
749 963
749 762
749 784
749 952
925 998
925 965
925 966
925 925
925 1003
925 974
82 94
82 95
82 96
82 808
82 998
82 115
82 965
82 966
82 118
82 803
82 91
82 925
82 82
82 1003
82 1004
82 974
82 736
82 660
82 553
82 690
10 235
10 10
10 790
10 219
10 237
155 705
155 930
155 791
155 792
155 793
155 794
155 965
155 966
155 967
155 968
155 155
155 156
155 157
155 790
155 963
155 964
155 962
156 791
156 792
156 793
156 965
156 966
156 967
156 968
156 922
156 156
156 157
156 790
156 963
156 964
156 812
156 975
157 706
157 792
157 749
157 157
157 790
157 963
157 964
157 762
157 158
157 159
157 789
157 962
157 784
157 952
157 954
157 739
157 658
157 663
157 667
790 791
790 792
790 793
790 965
790 966
790 967
790 790
790 963
790 964
963 963
963 964
964 965
964 966
964 967
964 964
97 97
97 98
97 99
97 100
97 101
97 102
97 103
98 998
98 811
98 104
98 806
98 98
98 99
98 100
98 101
98 102
98 766
99 998
99 805
99 822
99 1013
99 1015
99 821
99 1011
99 1008
99 99
99 100
99 101
99 102
99 103
100 706
100 998
100 108
100 109
100 153
100 792
100 749
100 157
100 963
100 100
100 101
100 103
100 762
100 784
100 952
100 954
100 739
100 658
100 663
100 667
101 104
101 105
101 106
101 806
101 807
101 101
101 102
101 103
102 811
102 104
102 105
102 106
102 806
102 807
102 102
102 103
102 766
103 706
103 108
103 109
103 153
103 792
103 141
103 104
103 105
103 106
103 806
103 807
103 749
103 157
103 963
103 103
103 762
103 784
103 952
103 954
103 739
103 658
103 663
103 667
81 94
81 96
81 808
81 998
81 966
81 91
81 822
81 925
81 82
81 81
81 812
81 1003
81 1004
81 660
812 922
812 812
812 1003
812 1004
812 975
1003 1003
1003 1004
1004 1012
1004 1009
1004 1004
146 250
146 1002
146 999
146 818
146 146
146 147
146 148
146 149
146 150
146 151
146 795
146 796
146 973
146 974
146 975
146 976
146 977
146 978
146 172
147 153
147 791
147 969
147 970
147 664
147 749
147 963
147 147
147 148
147 149
147 150
147 151
147 795
147 796
147 973
147 974
147 975
147 976
147 977
147 978
147 158
147 959
147 663
147 667
147 668
147 626
148 707
148 1025
148 206
148 207
148 931
148 1022
148 823
148 794
148 967
148 969
148 970
148 989
148 741
148 987
148 148
148 149
148 150
148 151
148 795
148 796
148 973
148 974
148 975
148 212
148 761
148 789
148 199
148 200
148 740
148 662
148 633
148 640
149 707
149 823
149 794
149 969
149 970
149 665
149 989
149 987
149 149
149 150
149 151
149 795
149 796
149 973
149 974
149 975
149 200
149 769
149 740
149 661
149 662
149 633
150 707
150 208
150 214
150 932
150 969
150 970
150 665
150 989
150 742
150 987
150 986
150 150
150 151
150 795
150 796
150 973
150 974
150 975
150 976
150 977
150 213
150 200
150 769
150 661
150 554
151 210
151 794
151 969
151 970
151 151
151 795
151 796
151 973
151 974
151 975
151 216
795 1020
795 810
795 969
795 970
795 1014
795 1015
795 819
795 820
795 1010
795 1008
795 795
795 796
795 973
795 974
795 975
795 976
795 977
796 969
796 970
796 796
796 973
796 974
796 975
796 976
796 977
973 1025
973 1022
973 973
973 974
973 975
974 998
974 988
974 974
974 975
974 976
974 977
974 978
975 975
975 976
975 977
975 978
976 976
976 977
976 978
977 1002
977 999
977 977
977 978
978 1002
978 999
978 978
530 530
212 1025
212 214
212 215
212 217
212 218
212 220
212 930
212 931
212 932
212 1022
212 967
212 741
212 973
212 212
212 213
212 216
212 219
212 760
212 761
212 762
212 789
212 626
212 640
213 214
213 215
213 217
213 218
213 220
213 930
213 931
213 932
213 970
213 665
213 742
213 986
213 1007
213 213
213 216
213 219
213 760
213 761
213 762
213 769
213 661
213 554
216 217
216 218
216 220
216 930
216 931
216 932
216 216
216 219
216 760
216 761
216 762
219 220
219 930
219 931
219 932
219 933
219 235
219 790
219 219
219 760
219 761
219 762
219 237
760 930
760 931
760 932
760 933
760 934
760 964
760 760
760 761
760 762
760 960
761 1025
761 930
761 931
761 932
761 933
761 1022
761 967
761 973
761 761
761 762
761 789
762 930
762 931
762 932
762 933
762 792
762 963
762 762
762 784
762 952
762 954
158 791
158 664
158 749
158 963
158 973
158 158
158 159
158 160
158 789
158 961
158 962
158 161
158 959
158 960
158 663
158 667
158 668
158 626
159 934
159 963
159 964
159 760
159 159
159 160
159 789
159 962
159 161
159 960
159 692
160 1012
160 230
160 1009
160 1004
160 160
160 789
160 961
160 962
160 161
160 788
160 959
160 960
160 765
160 912
160 233
160 919
789 1025
789 931
789 1022
789 823
789 967
789 969
789 963
789 789
789 962
961 961
961 962
962 968
962 963
962 962
161 934
161 964
161 760
161 961
161 161
161 162
161 788
161 959
161 960
161 692
162 210
162 997
162 216
162 162
162 788
162 959
162 960
162 767
788 961
788 788
788 959
788 960
788 914
788 918
959 973
959 961
959 959
959 960
960 964
960 961
960 960
199 1025
199 206
199 207
199 931
199 1022
199 967
199 741
199 973
199 212
199 761
199 789
199 199
199 200
199 201
199 202
199 764
199 765
199 766
199 767
199 768
199 769
199 626
199 640
200 707
200 934
200 823
200 969
200 970
200 665
200 989
200 987
200 200
200 201
200 202
200 764
200 765
200 766
200 767
200 768
200 769
200 740
200 661
200 662
200 633
201 934
201 922
201 812
201 975
201 201
201 202
201 764
201 765
201 766
201 767
201 768
201 769
202 203
202 204
202 205
202 206
202 208
202 209
202 210
202 211
202 214
202 215
202 763
202 934
202 1001
202 1007
202 202
202 767
764 788
764 764
764 765
764 766
764 767
764 768
764 769
764 914
764 918
765 1012
765 1009
765 1004
765 765
765 766
765 767
765 768
765 769
765 912
765 919
766 811
766 806
766 766
766 767
766 768
766 769
767 1001
767 997
767 767
767 768
767 769
768 995
768 990
768 1000
768 920
768 768
768 769
769 932
769 970
769 989
769 987
769 986
769 769
239 239
239 736
239 912
239 913
239 914
239 953
736 763
736 998
736 965
736 803
736 988
736 925
736 974
736 736
736 912
736 913
736 914
912 1012
912 1009
912 1004
912 912
912 913
912 914
912 919
913 913
913 914
914 914
914 918
172 250
172 818
172 978
172 172
172 784
172 952
172 953
172 954
784 792
784 963
784 784
784 952
784 953
784 954
952 963
952 952
952 953
952 954
953 953
953 954
954 968
954 962
954 954
233 1012
233 235
233 920
233 1009
233 1004
233 765
233 233
233 234
233 236
233 237
233 738
233 739
233 740
233 918
233 919
234 235
234 920
234 234
234 236
234 237
234 738
234 739
234 740
234 918
234 919
236 920
236 788
236 764
236 914
236 236
236 237
236 738
236 739
236 740
236 918
236 919
237 790
237 237
237 738
237 918
237 919
738 920
738 738
738 739
738 740
738 918
738 919
739 792
739 741
739 920
739 749
739 963
739 762
739 784
739 952
739 954
739 739
739 740
739 918
739 919
740 823
740 967
740 969
740 970
740 989
740 741
740 920
740 987
740 789
740 740
740 918
740 919
918 920
918 918
918 919
919 1012
919 920
919 1009
919 1004
919 919
351 817
351 351
351 352
351 658
351 659
351 660
351 661
351 662
351 663
352 796
352 352
352 658
352 659
352 660
352 661
352 662
352 663
658 706
658 792
658 749
658 963
658 762
658 784
658 952
658 954
658 739
658 658
658 659
658 660
658 661
658 663
658 667
659 809
659 659
659 660
659 661
659 662
660 808
660 998
660 966
660 822
660 925
660 1003
660 660
660 661
660 662
661 707
661 932
661 823
661 969
661 970
661 665
661 989
661 742
661 987
661 986
661 769
661 740
661 661
661 662
662 707
662 823
662 967
662 969
662 970
662 665
662 989
662 987
662 789
662 740
662 662
662 663
663 706
663 792
663 664
663 665
663 749
663 963
663 762
663 784
663 952
663 739
663 663
663 667
20 20
20 278
278 349
278 278
278 279
278 280
278 281
278 285
278 899
278 900
278 901
278 902
278 284
278 286
279 350
279 802
279 279
279 280
279 281
279 899
279 900
279 901
279 902
279 282
279 898
279 345
279 321
279 367
279 866
279 551
280 280
280 281
280 285
280 899
280 900
280 901
280 902
280 282
280 283
280 284
280 286
280 288
280 678
280 897
280 898
280 570
280 538
280 539
280 866
280 552
281 894
281 281
281 899
281 900
281 901
281 902
281 283
281 284
281 288
281 897
281 570
281 538
281 539
281 540
281 552
285 285
285 899
285 900
285 286
285 287
285 288
285 289
285 678
285 896
285 897
285 898
899 899
899 900
900 900
900 901
901 901
901 902
902 902
45 45
45 270
270 270
270 271
271 921
271 271
271 342
282 895
282 350
282 802
282 285
282 899
282 900
282 902
282 282
282 283
282 284
282 286
282 287
282 288
282 289
282 678
282 896
282 897
282 898
282 345
282 321
282 367
282 866
282 551
283 894
283 285
283 899
283 900
283 901
283 283
283 284
283 286
283 287
283 288
283 289
283 678
283 896
283 897
283 898
283 570
283 538
283 539
283 540
283 552
284 894
284 285
284 899
284 900
284 901
284 284
284 286
284 287
284 288
284 289
284 678
284 896
284 897
284 898
284 570
284 539
284 540
284 552
286 398
286 976
286 899
286 900
286 286
286 287
286 288
286 289
286 678
286 896
286 897
286 898
286 537
286 394
287 290
287 895
287 310
287 314
287 287
287 288
287 289
287 678
287 896
287 897
287 898
287 344
287 870
287 883
288 290
288 894
288 895
288 900
288 901
288 288
288 289
288 678
288 896
288 897
288 898
288 570
288 538
288 539
288 540
288 552
289 398
289 290
289 895
289 976
289 913
289 899
289 289
289 678
289 896
289 897
289 898
289 537
678 1024
678 895
678 899
678 900
678 678
678 896
678 897
678 898
678 704
896 976
896 899
896 896
896 897
896 898
897 899
897 900
897 901
897 897
897 898
898 899
898 900
898 902
898 898
2 2
2 3
2 272
3 3
3 276
3 880
276 276
276 277
276 880
277 743
277 277
345 350
345 802
345 902
345 898
345 345
345 346
345 869
345 870
345 367
345 866
345 551
346 684
346 887
346 346
346 869
346 567
346 872
346 364
869 886
869 887
869 869
869 890
869 872
510 510
510 567
510 568
510 569
510 570
567 887
567 869
567 567
567 568
567 569
567 570
567 872
568 684
568 886
568 887
568 869
568 568
568 569
568 570
568 890
568 872
569 855
569 569
569 570
569 851
570 894
570 900
570 901
570 897
570 570
536 855
536 569
536 536
536 537
536 538
536 539
536 540
536 851
537 976
537 896
537 537
537 538
537 539
537 540
538 901
538 902
538 897
538 898
538 570
538 538
538 539
538 540
538 866
538 552
539 894
539 900
539 901
539 897
539 570
539 539
539 540
539 552
540 894
540 900
540 901
540 897
540 570
540 540
540 552
394 976
394 896
394 537
394 394
342 921
342 342
342 343
342 344
342 870
342 893
342 667
342 373
343 889
343 885
343 343
343 344
343 870
343 667
343 871
344 344
344 870
344 667
344 883
870 870
291 817
291 351
291 291
291 677
677 1024
677 678
677 677
677 704
292 809
292 348
292 659
292 292
292 293
292 294
292 893
293 293
293 294
293 893
293 506
294 809
294 348
294 659
294 294
893 893
506 506
302 684
302 307
302 308
302 309
302 886
302 887
302 346
302 869
302 568
302 302
302 303
302 304
302 890
302 872
302 317
303 305
303 306
303 888
303 889
303 885
303 343
303 303
303 304
303 341
303 871
303 312
303 313
304 684
304 307
304 308
304 887
304 889
304 346
304 869
304 567
304 304
304 890
304 872
304 364
890 890
341 889
341 885
341 343
341 341
341 667
341 668
341 871
341 872
667 706
667 792
667 749
667 963
667 762
667 784
667 952
667 739
667 667
667 871
668 791
668 973
668 959
668 668
668 871
668 872
871 889
871 885
871 871
871 872
872 886
872 887
872 890
872 872
312 886
312 887
312 888
312 889
312 885
312 343
312 341
312 871
312 312
312 313
313 889
313 885
313 567
313 871
313 313
313 364
300 300
300 322
317 684
317 886
317 888
317 568
317 890
317 317
317 319
317 320
317 321
317 322
317 882
317 883
319 895
319 319
319 320
319 321
319 322
319 882
319 883
319 865
320 888
320 320
320 321
320 322
320 882
320 883
320 879
321 350
321 802
321 899
321 345
321 321
321 322
321 882
321 883
321 367
321 551
322 322
322 882
322 883
882 895
882 899
882 882
882 883
883 883
367 802
367 899
367 902
367 898
367 367
367 632
367 633
367 865
367 866
367 551
632 1020
632 810
632 1014
632 1015
632 819
632 820
632 1010
632 1008
632 795
632 632
632 633
632 865
633 707
633 823
633 967
633 969
633 970
633 665
633 989
633 987
633 789
633 740
633 661
633 662
633 633
633 865
865 895
865 865
324 352
324 324
324 879
324 880
879 888
879 883
879 879
879 880
880 880
372 372
372 373
372 626
373 893
373 373
626 1025
626 931
626 1022
626 791
626 664
626 741
626 973
626 761
626 959
626 668
626 626
626 640
362 362
362 363
362 364
362 640
362 641
362 866
363 907
363 363
363 364
363 640
363 641
363 866
364 889
364 885
364 567
364 364
364 640
364 641
364 866
640 1025
640 931
640 1022
640 967
640 741
640 973
640 761
640 789
640 640
640 866
641 793
641 641
641 866
641 691
866 902
866 898
866 866
435 855
435 569
435 536
435 435
435 436
435 437
435 851
435 852
436 856
436 436
436 437
436 851
436 852
436 555
437 856
437 437
437 851
437 852
437 555
851 855
851 851
851 852
852 856
852 852
551 802
551 902
551 898
551 866
551 551
551 552
551 553
551 554
551 555
552 894
552 900
552 901
552 897
552 570
552 552
552 553
552 554
552 555
553 763
553 998
553 965
553 803
553 988
553 925
553 974
553 736
553 553
553 554
553 555
553 690
554 932
554 970
554 665
554 742
554 986
554 1007
554 769
554 661
554 554
554 555
555 856
555 852
555 555
480 961
480 480
272 272
272 689
272 690
272 691
272 692
272 693
689 994
689 991
689 689
689 690
689 691
689 692
689 693
690 763
690 998
690 965
690 803
690 988
690 925
690 974
690 736
690 690
690 691
690 692
690 693
691 804
691 793
691 985
691 691
691 692
691 693
692 934
692 964
692 760
692 960
692 692
692 693
693 693
486 486
486 597
486 598
597 597
597 598
598 687
598 906
598 598
254 254
254 704
254 905
704 1024
704 704
704 905
905 908
905 905
173 173
173 174
173 175
173 176
173 177
173 180
173 780
173 781
173 782
173 783
173 949
173 950
173 951
173 699
174 174
174 175
174 176
174 177
174 180
174 780
174 781
174 782
174 783
174 949
174 950
174 951
174 700
174 945
175 175
175 176
175 177
175 180
175 780
175 781
175 782
175 783
175 949
175 950
175 951
175 778
176 176
176 177
176 180
176 780
176 781
176 782
176 783
176 949
176 950
176 951
176 185
176 778
177 177
177 180
177 780
177 781
177 782
177 783
177 949
177 950
177 951
177 595
180 180
180 780
180 781
180 782
180 783
180 949
780 780
780 781
780 782
780 783
780 949
780 950
780 945
781 781
781 782
781 783
781 949
781 950
781 951
781 945
782 782
782 783
782 949
782 950
782 951
783 783
783 949
783 950
783 951
949 949
949 950
949 951
950 950
950 951
951 951
474 782
474 474
474 475
475 475
475 494
263 263
263 699
263 700
263 904
699 950
699 699
699 700
699 904
700 780
700 781
700 700
700 904
700 945
904 904
416 904
416 416
416 417
417 417
417 594
409 409
409 495
409 834
494 494
494 495
494 594
494 595
494 834
495 495
495 594
495 595
495 834
594 594
594 595
594 834
595 595
595 834
834 834
184 780
184 781
184 700
184 184
184 185
184 778
184 944
184 945
185 783
185 185
185 778
185 944
185 945
778 783
778 778
778 944
778 945
944 944
944 945
945 945
188 188
188 190
188 191
190 190
190 191
190 192
190 194
190 940
190 941
190 224
190 754
190 631
189 190
189 189
189 191
189 192
189 193
189 194
189 195
189 196
189 940
189 941
191 191
191 192
191 193
191 194
191 195
191 196
191 940
191 941
192 192
192 193
192 194
192 195
192 196
192 940
192 941
193 193
193 194
193 195
193 196
193 940
193 941
194 194
194 195
194 196
194 940
194 941
194 224
194 754
194 631
195 195
195 196
195 940
195 941
196 196
196 940
196 941
940 940
940 941
941 941
224 224
224 225
224 753
224 754
224 631
225 225
225 753
225 754
753 753
753 754
754 754
368 368
368 369
368 628
368 629
368 630
368 631
369 369
369 628
369 629
369 630
369 631
628 753
628 628
628 629
628 630
628 631
629 753
629 629
629 630
629 631
630 630
630 631
631 754
631 631
535 535
535 541
535 542
541 541
541 542
542 542
244 244
244 719
244 911
244 833
719 719
719 911
911 911
497 497
497 833
497 593
833 833
496 497
496 496
496 593
593 593
482 482
482 484
483 483
483 484
483 602
483 603
483 836
483 490
484 484
484 602
484 603
484 836
602 602
602 603
602 836
603 603
603 836
836 836
488 488
488 489
488 490
488 835
489 489
489 490
489 835
489 491
490 836
490 490
490 835
490 491
835 835
491 835
491 491
469 469
469 470
469 838
470 470
470 838
470 544
838 838
544 838
544 544
544 545
545 545
457 457
457 458
457 515
458 458
458 459
515 515
459 459
438 438
438 439
438 440
438 442
438 848
438 849
438 850
438 441
438 845
439 439
439 440
439 442
439 848
439 849
439 850
439 460
439 441
440 440
440 442
440 848
440 849
440 850
440 846
442 442
442 443
442 444
442 847
442 446
442 844
848 848
848 849
848 850
849 849
849 850
850 850
460 460
441 442
441 850
441 441
441 443
441 444
441 845
441 846
441 847
443 443
443 444
443 845
443 846
443 847
443 445
443 446
443 844
444 444
444 845
444 846
444 847
444 446
444 844
845 850
845 845
845 846
845 847
846 849
846 846
846 847
847 847
445 845
445 846
445 445
445 446
445 844
445 451
446 845
446 846
446 446
446 844
844 844
451 451
430 430
430 503
503 503
503 588
588 588
422 422
422 423
422 592
423 423
498 498
498 499
498 592
499 499
499 592
592 592
402 402
402 403
402 512
403 403
403 472
512 512
472 472
399 399
399 613
399 477
613 613
476 476
476 477
477 477
380 380
380 450
450 450
377 377
377 622
377 623
377 624
377 864
622 622
622 623
622 624
622 864
623 623
623 624
623 864
624 624
624 864
864 864
378 864
378 378
378 621
378 863
621 621
621 863
863 864
863 863
242 242
242 728
728 728
376 728
376 376
376 625
625 625
370 370
370 371
371 371
371 627
627 627
354 354
354 355
354 365
355 355
365 365
365 637
365 638
365 639
637 637
637 638
637 639
638 638
638 639
639 639
295 295
295 296
295 892
296 296
296 332
892 892
332 332
332 333
333 333
333 410
410 410
410 411
411 411
268 268
268 269
268 694
269 269
269 694
269 356
694 694
356 356
356 650
356 651
650 650
650 651
651 651
186 186
186 776
186 777
186 943
186 197
186 936
776 776
776 777
776 943
777 777
777 943
943 943
197 197
197 198
197 770
197 771
197 772
197 773
197 935
197 936
197 937
197 938
197 939
198 198
198 770
198 771
198 772
198 773
198 935
198 936
198 937
198 938
198 939
770 770
770 771
770 772
770 773
770 935
770 936
770 937
770 938
770 939
771 776
771 771
771 772
771 773
771 935
771 936
771 937
771 938
771 939
772 772
772 773
772 935
772 936
772 937
772 938
772 939
773 773
773 935
773 937
773 938
773 939
935 935
935 936
935 937
935 938
936 936
936 937
936 938
937 937
937 938
937 939
938 938
938 939
939 939
256 256
256 257
257 257
257 447
447 447
447 448
447 449
448 448
448 449
449 449
248 248
248 249
248 910
249 249
249 910
249 427
910 910
427 427
246 246
246 713
246 298
713 713
297 297
297 298
298 298
128 128
128 129
128 131
128 134
128 799
128 800
128 801
128 982
128 983
129 129
129 131
129 134
129 799
129 800
129 801
129 982
129 983
131 131
131 134
131 799
131 800
131 801
131 982
131 983
131 509
134 134
134 799
134 800
134 801
134 982
134 983
799 799
799 800
799 801
799 982
799 983
800 800
800 801
800 982
800 983
801 801
801 982
801 983
982 982
982 983
983 983
509 509
83 83
83 84
83 379
84 84
84 463
379 379
8 8
8 9
8 464
9 9
463 463
463 464
464 464
53 53
53 54
54 54
17 17
17 18
17 465
18 18
465 465
11 11
11 12
11 14
12 12
12 14
12 401
14 14
14 392
401 401
392 392
6 6
6 7
7 7
7 52
52 52
4 4
4 247
247 247
0 0
5 5
13 13
13 829
829 829
19 19
43 43
51 51
51 1023
1023 1023
74 74
74 75
74 76
74 77
74 78
74 79
74 815
74 816
74 1006
75 75
75 76
75 77
75 78
75 79
75 815
75 816
75 1006
76 76
76 77
76 78
76 815
76 816
76 1006
77 77
77 78
77 79
77 815
77 816
77 1006
78 78
78 79
78 815
78 816
78 1006
79 79
79 815
79 1006
815 815
815 816
815 1006
816 816
816 1006
1006 1006
80 80
80 813
80 814
80 1005
813 813
813 814
813 1005
814 814
814 1005
1005 1005
107 107
112 112
112 113
112 993
113 113
113 993
993 993
132 132
132 133
132 135
132 136
132 137
132 139
132 798
133 133
133 135
133 136
133 137
133 139
133 798
135 135
135 136
135 137
135 139
135 798
136 136
136 137
136 139
136 798
137 137
137 139
137 798
139 139
139 798
798 798
138 138
138 797
138 979
138 980
138 981
797 797
797 979
797 980
797 981
979 979
979 980
979 981
980 980
980 981
981 981
163 163
163 958
958 958
164 164
164 957
957 957
165 165
165 166
165 787
165 956
166 166
166 787
166 956
787 787
787 956
956 956
167 167
167 168
168 168
169 169
169 170
169 171
169 786
169 955
170 170
170 171
170 786
170 955
171 171
171 786
171 955
786 786
786 955
955 955
178 178
178 179
178 181
178 182
178 183
178 779
178 946
178 947
178 948
179 179
179 181
179 182
179 183
179 779
179 946
179 947
179 948
181 181
181 182
181 183
181 779
181 946
181 947
181 948
182 182
182 183
182 779
182 946
182 947
182 948
183 183
183 779
183 946
183 947
183 948
779 779
779 946
779 947
779 948
946 946
946 947
946 948
947 947
947 948
948 948
187 187
187 774
187 775
187 942
774 774
774 775
774 942
775 775
775 942
942 942
221 221
221 222
221 755
221 756
221 927
221 928
222 222
222 755
222 756
222 927
222 928
755 755
755 756
755 927
755 928
756 756
756 927
756 928
927 927
927 928
928 928
223 223
227 227
227 744
227 745
227 746
227 747
227 923
227 924
744 744
744 745
744 746
744 747
744 923
744 924
745 745
745 746
745 747
745 923
745 924
746 746
746 747
747 747
923 923
923 924
924 924
238 238
238 737
238 915
238 916
238 917
737 737
737 915
737 916
737 917
915 915
915 916
915 917
916 916
916 917
917 917
241 241
241 729
241 730
241 731
241 732
241 733
729 729
729 730
729 731
729 732
729 733
730 730
730 731
730 732
730 733
731 731
731 732
731 733
732 732
732 733
733 733
243 243
243 724
243 725
243 726
243 727
724 724
724 725
724 726
724 727
725 725
725 726
725 727
726 726
726 727
727 727
245 245
245 717
245 718
717 717
717 718
718 718
255 255
258 258
259 259
260 260
260 261
260 262
260 701
260 702
261 261
261 262
261 701
261 702
262 262
262 701
262 702
701 701
701 702
702 702
264 264
264 265
264 698
265 265
265 698
698 698
267 267
267 695
267 696
695 695
695 696
696 696
274 274
299 299
301 301
301 675
301 676
301 891
675 675
675 676
675 891
676 676
676 891
891 891
316 316
316 318
316 884
318 318
318 884
884 884
323 323
323 881
881 881
325 325
325 326
326 326
327 327
327 674
327 878
674 674
878 878
328 328
331 331
331 876
876 876
336 336
336 337
336 338
336 671
337 337
337 338
337 671
338 338
338 671
671 671
339 339
339 340
339 670
339 873
339 874
340 340
340 670
340 873
340 874
670 670
670 873
670 874
873 873
873 874
874 874
353 353
353 652
353 653
353 654
353 655
353 656
353 657
652 652
652 653
652 654
652 655
652 656
653 653
653 654
653 655
653 656
654 654
654 655
654 656
654 657
655 655
655 656
655 657
656 656
656 657
657 657
359 359
359 360
359 361
359 642
359 643
359 644
359 645
359 646
359 647
359 648
359 867
360 360
360 361
360 642
360 643
360 644
360 645
360 646
360 647
360 648
361 361
361 642
361 643
361 644
361 645
361 646
361 647
361 648
642 642
642 643
642 644
642 645
642 646
642 647
642 648
642 867
643 643
643 644
643 645
643 646
643 647
643 648
643 867
644 644
644 645
644 646
644 647
644 648
644 867
645 645
645 646
645 647
645 648
645 867
646 646
646 647
646 648
646 867
647 647
647 648
647 867
648 648
648 867
867 867
366 366
366 634
366 635
366 636
634 634
634 635
634 636
635 635
635 636
636 636
374 374
374 375
375 375
381 381
381 382
382 382
383 383
384 384
385 385
385 386
386 386
387 387
388 388
389 389
389 390
390 390
395 395
396 396
400 400
408 408
412 412
413 413
413 414
414 414
415 415
424 424
424 425
425 425
426 426
428 428
428 429
429 429
452 452
452 842
452 843
842 842
843 843
453 453
453 841
841 841
454 454
454 840
840 840
455 455
455 456
455 839
456 456
456 839
839 839
461 461
461 462
462 462
466 466
466 467
467 467
468 468
471 471
473 473
478 478
479 479
479 605
605 605
481 481
481 604
481 837
604 604
604 837
837 837
485 485
485 600
600 600
487 487
492 492
492 493
493 493
500 500
502 502
504 504
505 505
505 587
587 587
507 507
507 586
586 586
508 508
511 511
513 513
514 514
516 516
517 517
517 518
518 518
520 520
521 521
522 522
523 523
524 524
525 525
526 526
527 527
527 528
528 528
529 529
531 531
532 532
533 533
533 534
534 534
543 543
546 546
546 547
547 547
548 548
549 549
549 550
550 550
556 556
556 557
556 558
556 559
556 560
557 557
557 558
557 559
557 560
558 558
558 559
558 560
559 559
559 560
560 560
561 561
561 562
562 562
563 563
563 564
564 564
565 565
565 566
566 566
571 571
571 572
571 573
572 572
572 573
573 573
574 574
575 575
575 576
575 577
575 578
575 579
576 576
576 577
576 578
576 579
577 577
577 578
577 579
578 578
578 579
579 579
580 580
580 581
581 581
582 582
582 583
582 584
582 585
583 583
583 584
583 585
584 584
584 585
585 585
589 589
590 590
590 832
832 832
591 591
596 596
599 599
601 601
606 606
606 607
607 607
608 608
608 609
608 610
609 609
609 610
610 610
611 611
612 612
614 614
614 615
615 615
616 616
617 617
618 618
618 619
618 620
619 619
619 620
620 620
669 669
672 672
679 679
679 680
679 681
679 682
679 683
680 680
680 681
680 682
680 683
681 681
681 682
681 683
682 682
682 683
683 683
697 697
697 903
903 903
703 703
708 708
708 709
708 710
709 709
709 710
710 710
711 711
711 712
712 712
714 714
715 715
716 716
720 720
720 721
721 721
722 722
722 723
723 723
734 734
734 735
735 735
750 750
750 751
750 752
750 926
751 751
751 752
751 926
752 752
752 926
926 926
757 757
757 929
929 929
758 758
758 759
759 759
785 785
824 824
825 825
830 830
909 909
971 971
971 972
972 972
1016 1016
1017 1017
1017 1018
1017 1019
1018 1018
1018 1019
1019 1019
1026 1026
1027 1027
1028 1028
1029 1029
1033 1033
