200 200
200 220
217 217
217 218
217 219
217 220
217 222
217 362
217 302
217 320
217 289
218 218
218 219
218 220
218 360
218 361
218 315
218 366
218 367
219 219
219 220
219 221
219 330
219 318
220 220
220 221
220 222
221 221
221 222
221 363
221 303
221 368
222 222
222 362
222 302
222 320
222 289
44 44
44 45
44 46
44 47
44 55
44 379
44 383
44 76
44 377
44 124
44 106
44 369
45 45
45 46
45 47
45 54
45 298
45 68
45 77
45 57
45 372
45 143
45 72
45 309
45 304
45 133
46 46
46 47
46 298
46 75
46 309
46 304
46 135
47 217
47 222
47 47
47 362
47 363
47 302
47 289
47 368
55 55
55 300
55 353
55 354
55 355
55 356
55 379
55 383
55 76
55 377
55 124
55 106
55 369
300 300
300 353
300 354
300 355
300 356
300 313
300 310
353 353
353 354
353 355
353 356
353 406
353 402
353 403
354 354
354 355
354 356
354 406
354 407
354 402
354 403
355 355
355 356
355 404
355 405
356 356
356 405
40 40
40 41
40 42
40 43
40 294
40 295
40 297
40 70
40 306
40 84
40 312
41 41
41 42
41 43
41 294
41 295
41 67
41 307
41 311
41 348
41 65
41 132
41 151
41 338
42 42
42 43
42 294
42 295
42 68
42 383
42 82
42 314
42 76
42 372
42 143
42 72
42 127
42 288
43 43
43 294
43 295
43 69
43 308
43 83
43 152
43 109
43 104
294 294
294 295
294 308
295 295
295 308
53 53
53 54
53 297
53 298
53 81
53 131
53 141
54 54
54 297
54 298
54 68
54 77
54 57
54 372
54 143
54 72
54 309
54 304
54 133
297 297
297 298
297 306
297 312
298 298
298 309
298 304
67 67
67 68
67 69
67 70
67 71
67 306
67 307
67 308
67 311
67 348
67 151
67 338
68 68
68 69
68 70
68 71
68 306
68 307
68 308
68 82
68 314
68 77
68 372
68 143
68 72
68 127
68 133
68 288
69 294
69 295
69 69
69 70
69 71
69 306
69 307
69 308
69 83
69 152
69 109
69 104
70 297
70 70
70 71
70 306
70 307
70 308
70 84
70 312
71 71
71 306
71 307
71 308
71 144
306 306
306 307
306 308
306 312
307 307
307 308
307 311
307 348
307 338
308 308
3 3
3 4
3 5
3 379
3 380
3 381
3 382
3 383
4 4
4 5
4 379
4 380
4 381
4 382
4 383
4 28
4 287
5 5
5 379
5 380
5 381
5 382
5 26
5 364
5 371
379 379
379 380
379 381
379 382
379 383
380 380
380 381
380 382
380 383
381 381
381 382
381 383
382 382
382 383
383 383
26 26
26 27
26 28
26 293
26 360
26 361
26 362
26 363
26 364
26 371
27 27
27 28
27 293
27 360
27 361
27 362
27 363
27 364
28 380
28 28
28 293
28 360
28 361
28 362
28 363
28 364
28 287
293 293
293 360
293 361
293 362
293 363
293 364
360 360
360 361
360 362
360 363
360 364
360 366
360 367
361 361
361 362
361 363
361 364
361 367
362 362
362 363
362 364
362 368
363 363
363 364
363 368
364 364
364 371
6 382
6 6
6 277
6 378
277 277
277 378
277 284
378 378
12 293
12 12
12 13
12 284
13 13
284 284
81 300
81 81
81 82
81 83
81 84
81 85
81 86
81 311
81 312
81 313
81 314
81 131
81 141
81 134
82 383
82 82
82 83
82 84
82 85
82 86
82 311
82 312
82 313
82 314
82 372
82 143
82 127
82 288
83 294
83 295
83 308
83 83
83 84
83 85
83 86
83 311
83 312
83 313
83 314
83 152
83 109
83 104
84 297
84 306
84 84
84 85
84 86
84 311
84 312
84 313
84 314
85 85
85 86
85 311
85 312
85 313
85 314
85 125
86 379
86 86
86 311
86 312
86 313
86 314
86 377
86 124
86 106
86 172
86 369
311 311
311 312
311 313
311 314
311 348
311 338
312 312
312 313
312 314
313 378
313 313
313 314
314 383
314 314
314 372
75 75
75 76
75 77
75 78
75 135
75 90
75 108
76 383
76 76
76 77
76 78
76 106
77 298
77 77
77 78
77 372
77 143
77 309
77 304
77 133
78 78
57 298
57 68
57 77
57 57
57 302
57 372
57 143
57 72
57 309
57 304
57 133
302 362
302 363
302 302
302 368
8 8
8 377
377 379
377 377
130 130
130 131
131 131
131 141
9 9
9 10
9 11
9 375
9 19
9 23
9 291
10 10
10 11
10 375
10 20
10 286
10 290
10 24
11 11
11 375
11 18
11 25
375 375
16 16
16 17
16 18
16 19
16 20
16 286
16 21
17 17
17 18
17 19
17 20
17 286
17 22
18 18
18 19
18 20
18 286
18 365
18 25
19 375
19 19
19 20
19 286
19 23
19 291
20 20
20 286
20 290
20 24
286 286
286 290
21 21
21 22
21 290
21 365
22 22
22 290
22 365
22 23
22 24
22 25
22 291
290 290
290 365
290 291
365 365
23 375
23 290
23 365
23 23
23 24
23 25
23 291
24 286
24 290
24 365
24 24
24 25
24 291
25 290
25 365
25 25
25 291
291 375
291 365
291 291
14 16
14 21
14 14
14 15
14 285
14 372
15 17
15 22
15 15
15 285
15 372
285 285
285 372
372 372
141 141
141 142
141 143
141 144
141 145
141 347
141 348
141 349
142 142
142 143
142 144
142 145
142 347
142 348
142 349
142 209
142 331
142 336
143 314
143 372
143 143
143 144
143 145
143 347
143 348
143 349
143 288
144 144
144 145
144 347
144 348
144 349
145 145
145 347
145 348
145 349
145 210
145 346
145 185
347 347
347 348
347 349
348 348
348 349
349 349
72 82
72 314
72 77
72 372
72 143
72 72
72 73
72 74
72 309
72 310
72 127
72 133
72 288
73 378
73 313
73 73
73 74
73 309
73 310
73 102
73 172
74 75
74 76
74 144
74 74
74 309
74 310
74 103
74 104
309 309
309 310
310 378
310 313
310 310
102 300
102 378
102 313
102 310
102 102
102 103
102 134
103 144
103 103
103 104
124 379
124 377
124 124
124 125
124 126
124 127
124 172
124 369
125 349
125 125
125 126
125 127
126 126
126 127
126 305
127 383
127 314
127 372
127 143
127 127
127 288
52 52
52 66
65 65
65 66
65 305
65 132
65 370
66 66
66 305
305 305
61 126
61 305
61 61
61 62
61 63
61 64
61 303
61 304
62 62
62 63
62 64
62 303
62 304
63 221
63 63
63 64
63 303
63 304
64 65
64 66
64 305
64 64
64 303
64 304
64 269
303 303
303 304
304 309
304 304
269 269
132 132
132 133
132 134
132 135
132 370
133 298
133 372
133 143
133 309
133 304
133 133
133 134
133 135
134 300
134 313
134 310
134 134
134 135
135 135
106 379
106 377
106 124
106 106
106 320
106 369
320 361
320 320
320 367
203 277
203 284
203 203
203 204
203 205
203 206
203 207
203 208
203 209
203 210
203 211
203 330
203 331
203 332
203 336
203 239
204 204
204 205
204 206
204 207
204 208
204 209
204 210
204 211
204 330
204 331
204 332
204 336
204 236
205 205
205 206
205 207
205 208
205 209
205 210
205 211
205 330
205 331
205 332
205 336
205 316
205 237
205 333
205 323
206 206
206 207
206 208
206 209
206 210
206 211
206 330
206 331
206 332
206 336
206 337
207 207
207 208
207 209
207 210
207 211
207 330
207 331
207 332
207 336
208 208
208 209
208 210
208 211
208 330
208 331
208 332
208 336
209 209
209 210
209 211
209 330
209 331
209 332
209 336
210 347
210 210
210 211
210 330
210 331
210 332
210 336
210 346
211 211
211 330
211 331
211 332
211 336
211 213
330 330
330 331
330 332
330 336
331 331
331 332
331 336
332 332
332 336
336 336
150 218
150 360
150 361
150 150
150 151
150 152
150 153
150 345
150 346
150 315
150 366
150 367
151 307
151 311
151 348
151 151
151 152
151 153
151 345
151 346
151 338
152 294
152 308
152 152
152 153
152 345
152 346
153 219
153 330
153 153
153 345
153 346
153 318
345 345
345 346
346 347
346 346
90 135
90 152
90 90
90 315
90 316
90 108
315 360
315 315
315 316
315 366
315 367
316 316
316 333
316 323
108 135
108 152
108 108
108 109
109 294
109 295
109 308
109 152
109 109
101 101
101 318
101 319
101 105
101 352
101 244
318 330
318 345
318 318
318 319
319 319
319 352
104 295
104 308
104 104
104 105
104 352
105 319
105 105
105 352
105 244
352 352
165 355
165 165
165 166
165 325
165 326
165 248
165 404
165 405
166 353
166 354
166 166
166 325
166 326
166 406
166 407
166 402
166 403
325 355
325 356
325 325
325 326
325 404
325 405
326 353
326 354
326 326
326 406
326 407
326 402
326 403
247 247
247 248
247 406
247 407
247 327
248 355
248 356
248 325
248 248
248 406
248 407
248 404
248 405
406 406
406 407
407 407
170 285
170 170
170 171
170 172
171 171
171 172
171 251
172 379
172 378
172 377
172 172
172 369
173 211
173 173
173 174
173 327
173 213
174 247
174 174
174 327
174 243
327 327
243 247
243 327
243 243
243 244
244 319
244 352
244 244
184 206
184 184
184 185
184 338
184 189
184 337
185 347
185 210
185 346
185 185
185 338
338 348
338 338
189 356
189 206
189 325
189 248
189 189
189 337
189 405
337 356
337 337
239 277
239 284
239 239
236 236
236 237
237 237
237 333
190 190
190 212
212 212
212 213
212 333
213 213
213 333
333 333
162 284
162 239
162 162
162 323
323 333
323 323
251 251
251 402
251 403
251 404
251 405
402 406
402 402
402 403
402 404
402 405
403 406
403 407
403 403
403 404
403 405
404 404
404 405
405 405
287 380
287 287
287 288
287 289
287 366
287 367
287 368
287 369
287 370
287 371
288 383
288 314
288 372
288 288
288 289
288 366
288 367
288 368
288 369
288 370
288 371
289 362
289 302
289 289
289 366
289 367
289 368
289 369
289 370
289 371
366 366
366 367
366 368
366 369
366 370
366 371
367 367
367 368
367 369
367 370
367 371
368 368
368 369
368 370
368 371
369 379
369 377
369 369
369 370
369 371
370 370
370 371
371 371
256 256
256 399
256 262
256 396
256 397
399 399
260 260
260 261
260 262
260 396
260 397
261 261
261 262
261 396
261 397
262 262
262 396
262 397
396 396
396 397
397 397
154 154
154 155
154 341
154 342
154 343
154 344
155 155
155 341
155 342
155 343
155 344
341 341
341 342
341 343
341 344
342 342
342 343
342 344
343 343
343 344
344 344
223 223
223 224
223 225
224 342
224 224
224 225
225 343
225 344
225 225
201 201
201 202
201 229
202 202
202 228
228 228
228 229
229 229
148 148
148 149
149 149
149 181
181 181
181 182
181 183
182 182
182 183
183 183
183 238
238 238
163 163
163 164
163 324
163 188
164 164
164 324
324 324
188 324
188 188
161 161
161 339
161 245
339 339
245 339
245 245
107 107
107 321
107 351
107 240
321 321
321 351
351 351
240 321
240 240
240 241
241 241
156 351
156 156
156 340
340 351
340 340
138 138
138 139
138 177
139 139
139 178
176 176
176 177
176 178
177 177
177 178
178 178
91 91
91 92
91 93
91 317
92 92
92 93
92 94
92 95
93 93
93 94
93 95
93 96
93 97
93 317
94 94
94 95
94 96
94 97
94 317
95 95
95 96
95 97
95 317
95 112
96 96
96 97
96 317
96 113
97 97
97 317
97 111
97 147
317 317
110 110
110 111
110 112
110 113
111 111
111 112
111 113
111 147
112 317
112 112
112 113
113 113
146 146
146 147
147 147
48 48
48 49
48 50
49 49
49 50
50 50
7 7
7 280
279 279
279 280
279 281
280 280
280 281
281 281
31 279
31 31
30 30
30 33
33 33
33 358
358 358
1 1
1 266
266 266
0 0
0 276
276 276
2 2
29 29
32 32
32 359
359 359
34 34
35 35
36 36
36 37
37 37
38 38
39 39
51 51
56 56
58 58
58 59
58 60
59 59
59 60
60 60
79 79
79 80
80 80
87 87
87 88
87 89
88 88
88 89
89 89
98 98
98 99
98 100
99 99
99 100
100 100
114 114
114 115
115 115
116 116
116 117
116 118
117 117
117 118
118 118
119 119
119 120
120 120
121 121
121 122
121 123
122 122
122 123
123 123
128 128
128 322
322 322
129 129
136 136
137 137
137 350
350 350
140 140
157 157
157 158
158 158
159 159
160 160
167 167
168 168
168 169
169 169
175 175
179 179
180 180
186 186
186 187
186 329
187 187
187 329
329 329
191 191
191 192
192 192
193 193
193 194
194 194
195 195
195 196
195 197
195 198
195 199
196 196
196 197
196 198
196 199
197 197
197 198
197 199
198 198
198 199
199 199
214 214
215 215
215 216
215 334
216 216
216 334
334 334
226 226
227 227
230 230
231 231
231 232
231 233
231 234
231 335
232 232
232 233
232 234
232 335
233 233
233 234
233 335
234 234
234 335
335 335
235 235
242 242
246 246
249 249
250 250
252 252
253 253
254 254
255 255
257 257
257 258
257 259
258 258
258 259
259 259
263 263
263 391
263 392
263 393
263 394
263 395
391 391
391 392
391 393
391 394
391 395
392 392
392 393
392 394
392 395
393 393
393 394
393 395
394 394
394 395
395 395
264 264
264 389
389 389
265 265
265 387
265 388
387 387
387 388
388 388
267 267
268 268
268 385
268 386
385 385
385 386
386 386
270 270
271 271
272 272
273 273
274 274
274 275
275 275
278 278
282 282
282 283
282 373
282 374
283 283
283 373
283 374
373 373
373 374
374 374
292 292
296 296
299 299
301 301
328 328
357 357
376 376
384 384
390 390
398 398
400 400
401 401
408 408
