/
3,140.86,7.74
4,140.8,7.14
5,140.67,8.07
6,139.05,8.26
8,138.23,8.42
12,132.7,7.29
13,132.59,7.48
26,126.08,8.07
27,126.08,6.94
28,126.0,7.14
40,105.53,4.46
41,105.53,3.95
42,105.53,3.7
43,105.53,3.56
44,98.6,3.73
45,98.48,3.66
46,98.48,3.63
47,98.48,3.31
52,81.67,4.29
53,81.14,3.85
54,81.05,3.66
55,77.98,3.73
57,77.09,3.66
61,76.38,4.11
62,76.35,4.03
63,76.35,3.36
64,76.25,2.99
65,76.08,3.97
66,76.05,4.29
67,75.35,3.94
68,75.32,3.68
69,75.32,3.56
70,75.28,4.46
71,75.28,3.49
72,74.72,3.68
73,74.69,3.79
74,74.61,3.52
75,74.45,3.62
76,74.42,3.72
77,74.35,3.66
78,74.29,4.25
81,73.78,3.84
82,73.72,3.69
83,73.72,3.56
84,73.69,4.46
85,73.65,4.15
86,73.65,3.76
90,72.79,3.6
101,70.69,1.15
102,70.36,3.8
103,70.26,3.52
104,69.31,3.54
105,69.31,1.15
106,69.1,3.74
108,66.76,3.6
109,66.69,3.57
124,64.25,3.75
125,64.22,4.16
126,64.12,4.11
127,64.09,3.69
130,63.13,1.64
131,63.1,3.85
132,62.86,3.97
133,62.86,3.66
134,62.83,3.82
135,62.83,3.62
141,59.14,3.85
142,59.07,4.06
143,59.06,3.68
144,59.06,3.51
145,59.03,3.05
150,56.6,3.24
151,56.54,3.94
152,56.5,3.58
153,56.47,3.19
162,52.11,2.37
165,47.67,2.68
166,47.67,2.55
170,46.14,3.45
171,46.14,3.12
172,46.08,3.77
173,45.37,2.88
174,45.26,1.2
184,39.62,2.74
185,39.59,3.04
189,37.32,2.72
190,36.76,2.41
200,34.36,2.28
203,32.93,2.34
204,32.93,2.02
205,32.92,1.25
206,32.9,2.74
207,32.89,1.81
208,32.89,1.46
209,32.86,4.06
210,32.86,3.05
211,32.83,2.88
212,32.33,2.41
213,32.23,2.9
217,30.5,3.29
218,30.5,3.24
219,30.44,3.17
220,30.37,2.27
221,30.27,3.34
222,30.21,3.29
236,24.74,2.03
237,24.6,1.24
239,22.55,2.35
243,20.87,1.2
244,20.7,1.15
247,184.39,1.2
248,184.23,2.7
251,181.6,3.13
269,158.72,3.01
277,139.13,2.34
284,132.81,2.35
287,130.27,7.14
288,130.22,3.69
289,130.22,3.3
293,125.99,7.3
294,105.67,3.57
295,105.62,3.55
297,81.05,4.46
298,80.99,3.65
300,78.09,3.82
302,77.15,3.31
303,76.38,3.36
304,76.35,3.65
305,76.13,4.1
306,75.35,4.46
307,75.35,3.94
308,75.35,3.56
309,74.76,3.65
310,74.74,3.8
311,73.75,3.94
312,73.72,4.46
313,73.7,3.81
314,73.7,3.69
315,72.79,3.23
316,72.79,1.27
318,70.88,3.19
319,70.69,1.15
320,68.99,3.27
323,52.11,1.27
325,47.69,2.7
326,47.69,2.55
327,45.26,1.19
330,32.93,3.17
331,32.83,4.06
332,32.82,2.94
333,32.39,1.25
336,32.92,4.06
337,37.41,2.73
338,39.67,3.94
345,56.52,3.2
346,56.57,3.04
347,59.11,3.05
348,59.11,3.94
349,59.11,4.18
352,69.41,1.15
353,78.14,2.54
354,78.14,2.56
355,78.14,2.68
356,78.15,2.71
360,126.03,3.23
361,126.04,3.26
362,126.03,3.31
363,126.04,3.33
364,126.04,8.09
366,130.27,3.23
367,130.28,3.25
368,130.28,3.33
369,130.27,3.75
370,130.28,3.98
371,130.27,8.09
372,131.93,3.68
377,138.29,3.75
378,139.07,3.79
379,140.73,3.75
380,140.72,7.14
381,140.72,7.91
382,140.74,8.27
383,140.92,3.71
402,181.52,2.54
403,181.52,2.56
404,181.53,2.68
405,181.52,2.7
406,184.23,2.54
407,184.22,2.57
/
9,134.8,7.84
10,134.8,7.55
11,134.74,7.63
14,131.95,7.42
15,131.89,7.36
16,131.59,7.41
17,131.59,7.36
18,131.48,7.64
19,131.45,7.84
20,131.45,7.55
21,129.97,7.42
22,129.91,7.36
23,129.75,7.84
24,129.75,7.55
25,129.74,7.64
285,131.95,3.45
286,131.59,7.55
290,129.91,7.56
291,129.74,7.84
365,129.83,7.65
375,134.88,7.84
/
91,72.36,3.9
92,72.19,3.71
93,72.02,3.91
94,72.02,3.7
95,71.99,3.87
96,71.96,3.8
97,71.89,4.01
110,66.05,3.59
111,66.02,4.01
112,65.92,3.87
113,65.92,3.8
146,57.57,3.66
147,57.43,4.0
317,71.98,3.89
/
154,56.07,3.26
155,56.05,3.97
223,30.04,2.84
224,29.94,3.22
225,29.91,3.31
341,56.07,3.27
342,56.13,3.22
343,56.12,3.31
344,56.12,3.33
/
107,68.75,1.34
156,55.51,3.12
240,22.15,1.34
241,22.01,1.16
321,68.75,1.33
340,55.53,3.12
351,68.71,3.12
/
256,177.63,2.05
260,176.45,4.01
261,176.45,3.99
262,176.45,2.06
396,176.31,2.04
397,176.34,2.04
399,177.81,3.8
/
148,57.0,3.78
149,57.0,2.45
181,40.32,2.46
182,40.26,3.02
183,40.26,2.18
238,24.48,2.18
/
263,176.04,3.22
391,176.05,3.24
392,176.04,3.26
393,176.04,3.31
394,176.04,3.33
395,176.05,3.97
/
138,60.46,3.16
139,60.43,3.83
176,44.28,3.56
177,44.18,3.16
178,44.14,3.84
/
195,34.76,3.24
196,34.76,2.69
197,34.73,3.47
198,34.67,3.74
199,34.62,3.66
/
231,27.55,3.98
232,27.55,3.95
233,27.55,3.32
234,27.55,3.25
335,27.58,3.97
/
7,138.71,7.93
31,123.1,7.11
279,133.95,7.12
280,133.86,7.93
281,133.86,3.82
/
201,33.57,2.46
202,33.52,2.14
228,28.97,2.13
229,28.94,2.45
/
282,133.17,3.79
283,133.17,3.45
373,133.17,3.65
374,133.17,3.75
/
163,50.27,3.43
164,50.27,3.27
188,38.22,3.43
324,50.27,3.43
/
30,123.85,7.2
33,121.95,7.2
358,121.93,3.66
/
48,94.81,5.24
49,94.75,5.42
50,94.58,5.23
/
58,76.65,3.66
59,76.61,3.31
60,76.55,4.34
/
87,73.19,3.67
88,73.09,4.11
89,73.02,3.94
/
98,71.32,3.68
99,71.29,4.46
100,71.29,3.95
/
116,65.42,3.68
117,65.35,3.78
118,65.35,3.64
/
121,64.65,4.11
122,64.65,3.96
123,64.65,3.66
/
161,53.36,1.48
245,18.92,1.48
339,53.38,1.49
/
186,38.55,3.24
187,38.52,2.69
329,38.38,3.27
/
215,30.8,3.45
216,30.68,1.27
334,30.75,1.27
/
257,176.86,3.66
258,176.78,3.78
259,176.78,1.98
/
265,171.83,4.11
387,171.83,3.05
388,171.83,4.06
/
268,159.98,3.33
385,159.88,3.04
386,159.89,3.94
/
32,122.46,7.04
359,122.56,3.71
/
36,118.1,7.17
37,118.04,6.87
/
79,74.18,3.66
80,74.15,3.96
/
114,65.85,3.69
115,65.72,3.65
/
119,65.13,3.82
120,65.09,3.89
/
128,63.96,3.95
322,63.79,3.74
/
137,62.19,3.27
350,62.24,3.27
/
157,54.94,3.26
158,54.74,3.31
/
168,46.54,3.97
169,46.54,3.73
/
191,36.16,3.71
192,35.96,3.94
/
193,35.26,3.74
194,35.07,3.78
/
264,173.25,7.84
389,173.25,3.97
/
1,144.35,7.67
266,168.11,7.68
/
274,146.43,3.94
275,146.26,3.13
/
0,145.1,8.33
276,145.22,3.65
/
2,143.65,7.95
/
29,124.74,7.32
/
34,120.02,7.51
/
35,119.8,7.11
/
38,115.89,7.81
/
39,114.72,7.7
/
51,94.24,3.75
/
56,77.48,3.66
/
129,63.72,3.78
/
136,62.65,3.88
/
140,60.03,3.94
/
159,54.47,3.24
/
160,54.14,4.01
/
167,47.34,3.8
/
175,45.01,3.66
/
179,42.45,3.85
/
180,41.22,3.64
/
214,31.01,3.1
/
226,29.78,3.8
/
227,29.46,1.36
/
230,28.64,3.23
/
235,25.14,1.66
/
242,21.3,1.24
/
246,15.86,0.87
/
249,184.15,3.45
/
250,182.53,3.95
/
252,181.19,2.27
/
253,180.9,4.1
/
254,178.56,1.49
/
255,178.31,2.18
/
267,160.83,3.3
/
270,157.87,3.29
/
271,156.17,3.34
/
272,155.76,3.32
/
273,155.51,7.68
/
278,137.76,3.68
/
292,127.14,3.13
/
296,100.79,3.7
/
299,79.2,3.69
/
301,77.71,1.16
/
328,42.01,1.19
/
357,106.36,3.69
/
376,136.09,7.56
/
384,159.78,3.8
/
390,175.19,3.57
/
398,177.3,3.94
/
400,178.96,3.65
/
401,179.53,3.97
/
408,191.49,4.06
