1 1
1 8
1 9
1 5
8 8
8 9
9 9
5 5
5 24
5 25
24 24
24 25
24 28
25 25
25 29
0 25
0 0
0 16
0 17
0 18
0 19
0 13
0 29
16 16
16 17
16 18
16 19
17 17
17 18
17 19
18 18
18 19
19 24
19 19
19 28
2 24
2 19
2 2
2 12
2 13
2 14
2 15
2 28
12 12
12 13
12 14
12 15
13 25
13 13
13 14
13 15
13 29
14 14
14 15
15 18
15 15
4 18
4 15
4 4
4 26
4 27
4 28
4 29
26 26
26 27
26 28
26 29
26 30
27 27
27 28
27 29
28 28
28 29
29 29
30 30
3 3
3 10
3 11
3 22
10 10
10 11
11 11
6 6
6 22
6 23
22 22
22 23
23 23
7 7
7 20
7 21
20 20
20 21
21 21
