/
11,18.97,1.43
12,18.98,1.54
38,34.95,1.42
39,34.84,2.31
41,38.25,1.55
/
0,14.13,0.9
1,14.21,1.24
14,20.34,1.9
15,20.47,1.25
/
6,16.18,1.06
8,18.03,0.81
9,18.13,1.05
10,18.16,1.34
/
25,25.79,1.31
26,25.64,1.59
27,27.5,1.59
/
29,28.15,0.86
30,28.14,1.19
31,28.1,2.18
/
4,15.81,0.77
5,15.82,1.98
/
7,16.51,0.87
13,19.84,0.87
/
21,23.26,1.3
24,24.57,1.3
/
18,21.62,0.93
32,28.35,0.95
/
35,30.2,1.28
37,32.6,1.27
/
2,14.59,0.97
/
3,15.25,1.17
/
16,20.71,2.07
/
17,21.27,1.02
/
19,22.1,0.99
/
20,22.74,0.87
/
22,23.52,1.65
/
23,24.28,1.63
/
28,27.74,2.04
/
33,29.56,1.21
/
34,29.82,1.29
/
36,32.3,1.77
/
40,38.0,1.27
/
42,49.0,3.31
/
43,54.47,2.84
/
44,56.18,1.87
/
45,61.44,4.12
/
46,70.15,5.38
/
47,79.18,4.37
/
48,79.44,3.15
/
49,81.08,4.75
/
50,82.5,4.44
/
51,130.63,5.35
/
52,140.71,6.24
