101 101
101 104
104 104
86 86
86 96
96 96
84 84
84 87
87 87
63 63
63 70
69 69
69 70
69 85
70 70
33 33
33 34
33 85
34 34
85 85
57 57
57 58
57 88
58 58
88 88
51 51
51 52
52 52
52 94
94 94
28 28
28 36
36 36
36 48
36 49
36 50
48 48
48 49
48 50
49 49
49 50
50 50
50 98
44 49
44 44
98 98
46 46
46 47
47 47
41 41
41 78
77 77
77 78
77 79
78 78
78 79
79 79
40 40
40 80
80 80
38 38
38 39
38 125
39 39
39 56
125 125
55 55
55 56
56 56
32 32
32 43
37 37
37 42
37 43
37 67
42 42
42 43
43 43
67 67
31 31
31 89
31 45
89 89
45 45
22 22
22 90
30 30
30 90
30 91
30 35
90 90
90 91
91 91
35 35
35 82
82 82
29 29
29 124
124 124
27 27
27 107
107 107
19 19
19 20
19 71
20 20
20 59
71 71
71 72
72 72
59 59
59 60
60 60
25 72
25 25
24 24
24 97
24 26
97 97
26 26
12 12
12 13
13 13
7 7
7 103
103 103
6 6
6 8
8 8
8 114
114 114
3 3
3 120
120 120
2 2
2 111
111 111
0 0
0 1
1 1
1 5
5 5
4 4
9 9
9 10
9 113
10 10
10 113
113 113
11 11
14 14
15 15
16 16
17 17
18 18
21 21
21 100
100 100
23 23
23 99
99 99
53 53
54 54
61 61
62 62
64 64
65 65
66 66
68 68
73 73
74 74
75 75
75 76
76 76
81 81
83 83
92 92
92 93
93 93
95 95
102 102
105 105
106 106
108 108
109 109
110 110
112 112
115 115
116 116
117 117
118 118
119 119
121 121
122 122
123 123
126 126
