/
0,139.01,6.94
1,138.59,6.84
2,138.46,6.91
3,138.38,6.81
13,108.14,4.6
14,101.57,3.53
25,74.44,4.63
26,74.07,5.08
27,74.01,4.61
29,73.17,4.6
32,72.38,4.6
44,67.5,5.04
45,67.48,3.52
46,66.69,5.04
47,66.63,3.41
48,66.6,3.52
52,65.57,5.08
55,64.72,5.08
64,62.54,5.01
68,61.6,5.02
69,61.36,3.51
73,58.58,3.01
74,57.88,3.15
75,57.73,3.01
78,56.77,3.39
79,56.47,3.4
80,56.3,2.67
81,56.21,3.4
82,55.92,3.39
83,55.47,2.67
92,51.68,3.22
93,51.57,3.07
95,47.91,3.22
98,42.87,2.48
99,42.07,2.53
100,42.02,2.48
101,41.92,4.61
102,41.17,2.48
104,40.8,2.71
107,39.13,2.72
108,38.82,1.85
109,38.64,1.66
110,38.64,2.2
111,38.61,2.22
112,38.57,1.64
113,38.52,2.63
119,36.88,2.08
121,36.57,1.67
122,36.4,1.92
123,36.39,2.71
124,36.34,2.11
125,36.28,1.9
127,35.62,2.74
128,35.59,1.86
129,35.43,2.14
130,35.39,2.76
131,35.36,2.12
132,35.25,1.63
133,35.23,1.61
134,34.91,2.73
135,34.55,3.09
136,34.47,2.29
137,33.91,2.64
139,33.35,2.58
140,33.18,1.94
141,33.16,1.72
145,31.81,1.26
146,31.65,3.53
147,31.61,1.57
148,31.37,1.37
149,31.32,1.65
151,30.88,1.87
152,30.81,2.17
153,30.74,1.61
154,30.71,1.59
155,30.67,2.19
156,30.6,2.07
157,30.59,1.35
158,30.5,1.37
159,30.49,2.09
160,30.49,1.26
161,30.22,1.28
162,29.61,1.25
164,28.03,1.25
165,27.89,2.41
166,27.78,1.89
167,27.75,1.87
168,27.72,2.43
169,27.62,1.93
171,27.06,1.94
172,27.01,2.41
173,26.94,1.27
174,26.77,1.71
175,26.13,2.19
178,25.35,1.28
179,25.01,1.61
180,24.27,1.67
181,23.74,1.82
182,23.74,1.37
183,22.73,2.04
184,22.66,1.29
185,22.6,0.87
188,21.54,2.04
189,21.48,2.08
190,21.41,2.11
191,21.39,2.13
194,20.35,2.18
197,19.26,1.37
198,16.37,1.15
199,15.74,1.83
202,14.53,1.82
203,14.08,0.88
207,12.12,1.89
208,12.06,1.83
209,12.05,1.85
211,11.44,0.91
214,9.54,1.86
217,177.64,2.29
219,175.91,1.14
226,171.77,5.03
229,167.58,6.95
230,167.45,2.11
232,166.85,1.89
233,166.66,1.83
234,166.6,6.81
235,166.6,5.08
236,166.6,1.82
239,159.5,1.93
240,159.43,2.17
241,138.55,1.85
242,138.47,1.82
243,138.41,1.89
244,138.4,1.84
252,128.34,1.88
263,114.85,1.93
264,114.85,2.18
265,79.41,4.63
266,79.4,5.02
267,79.39,3.22
272,73.29,3.52
273,73.08,3.54
280,66.76,2.64
281,66.74,3.02
282,66.72,3.15
283,66.68,1.6
284,66.66,1.37
285,66.62,4.6
286,66.62,5.08
287,66.62,2.74
288,66.44,2.63
290,64.63,3.53
291,64.62,1.87
297,63.64,2.63
299,61.38,2.63
305,57.9,2.17
306,57.88,2.53
307,57.88,3.39
308,57.8,2.47
309,57.79,5.03
310,57.72,2.09
311,57.72,2.67
314,56.76,2.48
315,56.08,3.02
316,55.78,3.14
326,51.63,5.03
329,40.86,1.14
330,39.11,0.86
334,36.3,3.09
335,35.49,1.91
336,31.86,1.29
337,31.8,0.88
338,31.53,0.92
341,30.83,1.35
342,30.7,5.03
343,30.48,1.6
345,29.53,1.25
346,29.43,1.33
347,29.19,1.62
348,29.08,2.3
350,27.96,0.86
351,27.84,5.08
352,27.79,4.61
353,27.7,1.89
357,24.94,2.29
359,23.57,0.92
360,22.62,0.88
361,22.61,0.86
363,21.47,2.11
364,20.28,1.93
366,19.14,0.92
367,14.5,6.81
368,14.48,1.74
369,14.46,1.9
370,12.04,1.91
371,12.03,6.95
372,12.02,6.81
373,12.0,1.75
374,11.94,1.82
/
5,129.0,7.36
6,128.01,7.22
7,128.01,7.26
8,127.99,7.32
9,127.98,7.28
10,127.94,7.35
12,119.11,3.8
17,79.42,3.81
19,77.64,7.27
20,77.26,7.27
21,77.17,7.26
28,73.59,4.21
33,71.18,3.46
36,69.11,3.7
39,68.33,3.48
40,68.3,3.69
43,67.6,5.18
50,66.27,4.92
54,64.82,3.83
56,64.66,4.2
57,63.96,5.11
58,63.95,4.17
59,63.93,3.83
60,63.87,4.19
61,63.82,3.75
62,63.47,4.23
63,63.12,3.84
65,62.46,3.82
66,62.25,4.15
67,62.04,4.18
71,60.36,3.83
76,57.39,4.38
77,57.32,4.24
84,54.44,4.38
85,54.3,4.25
86,54.24,3.82
87,54.17,3.76
88,54.06,4.05
89,53.41,3.83
90,53.35,3.76
91,53.21,3.94
103,40.84,2.86
105,39.98,2.86
106,39.97,2.83
216,200.93,5.12
222,171.85,3.84
223,171.83,3.8
224,171.81,4.15
225,171.79,3.76
227,171.73,4.16
245,138.05,1.79
246,135.61,4.17
247,135.5,3.76
248,135.22,3.8
249,135.2,7.36
251,129.01,7.36
253,128.17,1.79
254,128.15,1.84
255,128.1,1.82
256,128.01,7.28
257,127.98,3.75
258,127.98,3.81
259,127.95,7.31
260,127.95,7.22
261,127.95,7.25
262,127.94,3.76
269,77.16,7.39
270,77.16,7.26
271,77.15,7.13
276,68.33,4.92
277,68.33,2.9
278,68.31,5.11
289,66.36,2.87
293,63.99,3.81
294,63.92,2.86
295,63.89,3.75
296,63.83,3.76
298,62.45,2.86
301,60.42,5.11
302,60.38,2.91
313,57.3,5.18
318,54.31,5.18
319,54.24,3.68
320,54.22,4.18
321,54.14,7.25
322,54.13,3.84
323,54.1,4.15
324,54.1,3.81
325,54.09,7.23
365,19.23,3.46
/
72,59.5,1.41
116,38.14,2.35
117,38.07,2.37
118,38.03,2.82
138,33.81,2.36
142,32.46,2.24
143,32.31,2.36
144,32.29,2.26
150,31.19,1.11
303,59.47,1.41
304,59.43,1.11
331,38.09,1.41
332,38.08,1.11
339,31.16,1.41
340,31.14,1.11
344,30.16,1.43
358,24.26,2.36
/
18,78.15,3.63
31,72.48,4.66
34,70.5,3.64
35,69.98,3.58
37,68.9,3.57
38,68.84,3.63
49,66.33,3.64
96,47.56,3.33
97,47.51,3.26
268,78.33,3.33
274,72.62,3.33
275,70.02,3.63
/
120,36.87,1.99
170,27.22,2.01
176,25.79,1.99
177,25.71,1.31
186,22.38,2.03
187,22.34,0.97
237,166.06,2.0
238,166.06,2.02
328,43.35,0.97
356,25.58,0.97
362,22.33,0.97
/
41,68.1,3.65
42,68.01,5.14
51,66.03,5.13
53,65.22,5.15
70,61.15,3.66
279,68.12,2.86
300,61.02,2.86
/
15,95.6,4.75
16,90.67,4.74
30,72.9,4.76
/
196,19.68,0.84
327,45.66,0.83
333,37.12,0.84
/
22,76.77,7.26
23,76.68,5.76
/
114,38.37,2.87
115,38.23,4.6
/
4,129.91,7.04
/
11,125.75,7.75
/
24,75.81,5.86
/
94,48.15,3.29
/
126,35.91,2.63
/
163,28.73,1.25
/
192,21.34,2.0
/
193,20.68,2.04
/
195,19.94,2.04
/
200,15.33,1.81
/
201,15.05,1.77
/
204,13.68,1.82
/
205,13.23,0.88
/
206,12.91,1.83
/
210,11.86,1.81
/
212,11.19,1.83
/
213,10.92,0.92
/
215,0.98,0.07
/
218,176.57,2.03
/
220,175.53,2.03
/
221,173.02,2.31
/
228,169.55,2.08
/
231,167.36,1.85
/
250,134.91,3.83
/
292,64.6,1.89
/
312,57.62,3.16
/
317,55.67,2.08
/
349,28.96,0.89
/
354,27.48,2.18
/
355,26.41,0.91
