108 108
108 109
108 110
108 291
108 254
108 208
108 209
108 241
108 244
108 128
108 151
108 167
108 214
108 233
108 199
109 109
109 110
109 121
109 111
109 112
109 113
109 149
109 180
110 110
110 155
110 111
110 112
110 113
110 194
110 175
110 264
121 121
121 122
121 123
121 149
121 180
122 122
122 123
122 370
122 124
122 125
122 334
122 335
122 169
122 364
122 369
122 140
122 171
122 239
122 263
123 123
123 124
123 125
123 334
123 134
155 155
155 156
155 157
155 158
155 159
155 160
155 343
155 305
155 341
155 342
155 194
155 175
155 240
155 264
156 156
156 157
156 158
156 159
156 160
156 343
156 310
156 189
156 342
157 157
157 158
157 159
157 160
157 343
157 284
157 341
157 342
157 197
157 182
157 346
158 158
158 159
158 160
158 343
158 284
158 341
158 342
158 197
158 182
159 159
159 160
159 343
159 310
159 189
159 190
159 363
159 230
160 160
160 343
160 161
160 164
160 173
160 162
160 345
160 178
343 343
343 347
43 43
43 44
43 45
43 313
43 318
44 44
44 45
44 46
44 309
44 326
44 342
44 226
45 45
45 48
45 290
45 146
45 272
45 273
45 69
76 76
76 77
76 313
76 84
77 77
77 313
77 85
313 313
313 318
13 13
13 27
13 285
13 101
13 352
13 32
13 29
26 26
26 27
26 286
26 55
26 351
26 235
26 52
27 27
27 285
27 101
27 265
27 352
27 32
27 29
46 46
46 47
46 48
46 280
46 281
46 282
46 283
46 284
46 285
46 286
46 287
46 309
46 326
46 342
46 226
47 47
47 48
47 280
47 281
47 282
47 283
47 284
47 285
47 286
47 287
47 79
47 307
47 78
47 288
47 81
47 82
48 48
48 280
48 281
48 282
48 283
48 284
48 285
48 286
48 287
48 288
48 290
48 146
48 272
48 273
48 69
280 280
280 281
280 282
280 283
280 284
280 285
280 286
280 287
280 297
280 288
280 299
281 281
281 282
281 283
281 284
281 285
281 286
281 287
281 315
282 282
282 283
282 284
282 285
282 286
282 287
282 316
283 343
283 283
283 284
283 285
283 286
283 287
283 347
284 284
284 285
284 286
284 287
284 341
285 285
285 286
285 287
285 288
285 352
286 286
286 287
286 288
286 351
287 287
287 288
79 79
79 80
79 307
79 81
79 82
80 80
80 311
80 83
80 81
62 77
62 62
62 297
62 85
297 297
297 299
73 281
73 73
73 75
73 315
74 282
74 74
74 75
74 305
74 306
74 307
74 308
74 309
74 310
74 311
74 316
75 281
75 75
75 305
75 306
75 307
75 308
75 309
75 310
75 311
75 315
305 305
305 306
305 307
305 308
305 309
305 310
305 311
306 306
306 307
306 308
306 309
306 310
306 311
307 307
307 308
307 309
307 310
307 311
308 308
308 309
308 310
308 311
308 314
309 309
309 310
309 311
309 326
309 342
310 310
310 311
310 363
311 311
84 84
84 85
84 86
84 318
84 319
85 85
85 86
85 318
85 319
85 87
85 320
85 321
85 322
85 323
85 324
86 86
86 318
86 319
86 293
86 258
86 87
86 88
86 320
86 321
86 322
86 323
86 324
86 325
86 89
86 248
86 222
86 223
318 318
318 319
318 320
318 321
318 322
319 319
319 320
319 321
319 322
319 323
319 324
319 325
78 79
78 307
78 78
78 314
78 81
78 82
314 314
83 311
83 83
98 308
98 314
98 98
98 100
98 102
99 306
99 99
99 100
99 101
100 308
100 314
100 100
100 101
100 102
101 285
101 101
101 265
101 352
111 111
111 112
111 113
111 142
112 112
112 113
112 132
112 149
112 347
113 280
113 297
113 113
113 288
113 137
113 299
130 287
130 130
130 131
130 132
130 133
130 335
131 131
131 132
131 133
131 335
131 190
131 191
131 363
131 230
132 132
132 133
132 153
132 179
132 149
132 347
133 343
133 283
133 133
133 153
133 154
133 179
133 347
17 86
17 17
17 265
17 266
17 267
17 65
17 59
17 293
17 54
17 258
17 324
17 89
17 71
17 248
17 223
265 265
265 266
265 267
265 352
266 309
266 266
266 267
266 326
266 342
267 267
25 27
25 101
25 265
25 25
25 352
64 266
64 64
64 65
64 298
64 68
65 86
65 65
65 298
65 293
65 258
65 322
65 324
65 89
65 71
65 248
65 222
65 223
298 298
92 267
92 92
92 93
92 326
92 95
93 93
93 326
93 334
93 135
326 326
326 342
36 319
36 36
36 40
39 39
39 40
39 276
39 277
39 278
39 365
40 319
40 40
40 276
40 277
40 278
276 276
276 277
276 278
277 277
277 278
277 302
278 278
278 301
49 49
49 50
49 288
49 289
49 275
50 276
50 50
50 288
50 289
288 297
288 288
288 289
288 299
289 298
289 289
289 294
57 278
57 57
57 58
57 59
57 60
57 61
57 293
57 294
57 295
57 296
57 301
57 216
58 58
58 59
58 60
58 61
58 293
58 294
58 295
58 296
58 320
58 323
58 66
58 224
58 227
58 67
58 246
59 86
59 65
59 59
59 60
59 61
59 293
59 294
59 295
59 296
59 258
59 322
59 324
59 89
59 71
59 222
59 63
60 60
60 61
60 293
60 294
60 295
60 296
60 320
60 67
61 297
61 61
61 293
61 294
61 295
61 296
61 257
61 262
61 87
61 90
61 225
61 247
293 293
293 294
293 295
293 296
293 324
294 298
294 294
294 295
294 296
295 295
295 296
296 297
296 296
28 60
28 28
28 56
54 86
54 65
54 59
54 293
54 54
54 55
54 56
54 290
54 291
54 258
54 322
54 324
54 89
54 71
54 222
54 63
55 286
55 55
55 56
55 290
55 291
55 351
55 235
56 60
56 56
56 290
56 291
290 290
290 291
291 291
291 353
5 5
5 251
5 10
5 249
251 251
6 6
6 7
6 8
6 9
6 10
6 253
6 254
6 255
6 256
6 257
6 258
6 259
6 260
6 261
6 262
6 325
7 7
7 8
7 9
7 10
7 253
7 254
7 255
7 256
7 257
7 258
7 259
7 260
7 261
7 262
7 321
7 19
7 20
7 21
7 270
8 8
8 9
8 10
8 253
8 254
8 255
8 256
8 257
8 258
8 259
8 260
8 261
8 262
9 9
9 10
9 253
9 254
9 255
9 256
9 257
9 258
9 259
9 260
9 261
9 262
9 19
9 20
10 251
10 10
10 255
10 256
10 257
10 258
10 259
10 260
10 261
10 262
10 249
253 253
253 254
253 255
253 256
253 257
253 258
254 254
254 255
254 256
254 257
254 258
254 259
254 260
254 261
254 374
255 255
255 256
255 257
255 258
255 259
255 260
255 261
255 262
255 374
256 256
256 257
256 258
256 259
256 260
256 261
256 262
257 295
257 296
257 257
257 258
257 259
257 260
257 261
257 262
258 293
258 258
258 259
258 260
258 261
258 262
258 324
259 259
259 260
259 261
259 262
260 260
260 261
260 262
260 325
261 261
261 262
261 321
261 325
261 270
262 295
262 296
262 262
87 318
87 319
87 295
87 296
87 257
87 262
87 87
87 88
87 320
87 321
87 322
87 323
87 324
87 325
87 90
87 225
87 247
88 319
88 88
88 320
88 321
88 322
88 323
88 324
88 325
320 320
320 321
320 322
320 323
320 324
320 325
321 321
321 322
321 323
321 324
321 325
322 322
322 323
322 324
322 325
323 323
323 324
323 325
324 324
324 325
325 325
19 256
19 261
19 321
19 19
19 20
19 21
19 270
12 86
12 17
12 65
12 293
12 258
12 324
12 12
12 248
12 223
89 293
89 258
89 322
89 324
89 89
89 90
89 91
89 222
90 295
90 296
90 257
90 262
90 90
90 91
90 225
90 247
91 91
66 298
66 323
66 66
66 224
66 227
66 246
0 0
0 371
0 229
207 291
207 207
207 208
207 209
207 370
207 371
207 372
207 373
207 374
207 243
207 335
207 353
207 369
207 232
207 252
208 254
208 255
208 208
208 209
208 370
208 371
208 372
208 373
208 374
208 241
208 242
208 244
208 236
208 233
209 291
209 254
209 209
209 370
209 371
209 372
209 373
209 374
209 241
209 244
209 214
209 233
370 370
370 371
370 372
370 373
370 374
371 371
371 372
371 373
371 374
372 372
372 373
372 374
373 373
373 374
374 374
3 372
3 3
3 241
3 242
3 243
3 244
3 367
3 234
124 159
124 310
124 131
124 124
124 125
124 334
124 190
124 191
124 363
124 230
125 207
125 370
125 125
125 334
125 243
125 335
125 166
125 353
125 369
125 232
125 252
334 334
1 1
1 2
1 241
1 242
1 243
1 244
2 3
2 2
2 241
2 242
2 243
2 244
241 291
241 254
241 241
241 242
241 243
241 244
242 254
242 255
242 374
242 242
242 243
242 244
243 291
243 370
243 243
243 244
243 335
243 353
243 369
243 252
244 254
244 255
244 374
244 244
127 287
127 130
127 127
127 128
127 129
127 335
127 134
128 130
128 291
128 254
128 209
128 241
128 244
128 128
128 129
128 335
128 151
128 167
128 214
128 252
129 130
129 131
129 132
129 133
129 129
129 335
129 191
335 370
335 335
335 353
335 364
335 369
188 188
188 189
188 190
188 191
188 363
188 238
189 310
189 189
189 190
189 191
189 363
190 310
190 190
190 191
190 363
190 230
191 191
191 363
191 230
363 363
151 291
151 207
151 209
151 241
151 243
151 151
151 152
151 153
151 154
151 341
151 342
151 166
151 167
151 353
151 214
151 232
151 252
152 155
152 305
152 152
152 153
152 154
152 341
152 342
152 194
152 175
152 240
152 264
153 155
153 156
153 157
153 343
153 283
153 153
153 154
153 341
153 342
153 179
153 347
154 155
154 156
154 157
154 343
154 283
154 154
154 341
154 342
154 179
341 341
341 342
341 346
342 342
135 334
135 135
135 136
136 136
136 357
136 348
136 217
179 343
179 283
179 179
179 357
179 347
357 357
145 160
145 145
145 146
145 336
145 337
145 161
145 164
145 173
145 147
145 162
145 345
145 178
146 290
146 146
146 337
146 147
146 338
146 272
146 273
336 336
336 337
337 337
337 360
337 361
337 350
33 39
33 33
33 365
197 284
197 341
197 197
197 365
197 366
365 365
365 366
366 366
166 291
166 207
166 370
166 243
166 335
166 166
166 167
166 168
166 169
166 352
166 353
166 350
166 351
166 369
166 232
166 252
167 291
167 207
167 209
167 241
167 243
167 167
167 168
167 169
167 352
167 353
167 351
167 214
167 232
167 252
168 168
168 169
168 352
168 353
168 351
168 172
169 370
169 335
169 169
169 352
169 353
169 364
169 171
169 239
169 263
352 352
352 353
353 370
353 353
353 369
194 305
194 194
194 364
194 240
194 264
364 370
364 364
161 336
161 161
161 344
161 184
161 173
161 178
344 344
181 254
181 255
181 208
181 374
181 242
181 244
181 181
181 182
181 359
181 202
181 236
181 233
181 199
182 284
182 341
182 197
182 182
182 359
359 366
359 359
183 188
183 183
183 184
183 185
183 360
183 361
183 238
183 186
184 336
184 184
184 185
184 360
184 361
185 337
185 185
185 360
185 361
185 350
185 330
185 203
360 360
360 361
361 361
164 164
164 165
164 350
164 351
164 173
164 345
165 166
165 167
165 168
165 352
165 353
165 165
165 350
165 351
165 172
350 352
350 360
350 361
350 350
350 351
351 352
351 353
351 351
172 172
172 173
173 336
173 184
173 173
173 174
173 345
173 178
147 154
147 337
147 147
147 338
338 366
338 359
338 338
245 253
245 245
71 86
71 293
71 258
71 322
71 324
71 89
71 71
71 301
71 302
71 222
301 301
301 302
302 302
202 254
202 255
202 208
202 374
202 242
202 244
202 202
202 367
202 368
202 369
202 236
202 233
367 372
367 367
367 368
367 369
368 373
368 368
368 369
369 370
369 369
229 371
229 229
229 230
230 310
230 363
230 230
234 372
234 367
234 234
234 235
234 236
235 286
235 351
235 235
235 236
236 254
236 255
236 374
236 242
236 244
236 236
248 293
248 258
248 324
248 248
248 249
249 251
249 249
20 256
20 261
20 321
20 20
20 21
20 269
20 270
20 271
21 261
21 321
21 21
21 269
21 270
21 271
269 269
269 270
269 271
270 321
270 270
270 271
271 271
222 322
222 222
222 223
222 224
222 225
222 226
222 227
223 293
223 258
223 324
223 248
223 223
223 224
223 225
223 226
223 227
224 323
224 224
224 225
224 226
224 227
224 246
225 295
225 296
225 257
225 262
225 225
225 226
225 227
225 247
226 309
226 266
226 326
226 342
226 226
226 227
227 320
227 323
227 227
227 246
18 49
18 18
18 268
18 34
18 275
18 38
268 268
268 274
34 49
34 34
34 275
34 38
31 31
31 32
31 274
32 285
32 101
32 352
32 32
274 274
14 45
14 48
14 290
14 146
14 14
14 272
14 273
14 69
29 285
29 101
29 352
29 32
29 29
29 272
29 273
272 290
272 272
272 273
273 290
273 273
35 35
35 275
35 37
275 275
37 37
37 38
38 49
38 275
38 38
52 286
52 55
52 351
52 235
52 52
81 307
81 81
81 315
81 82
315 315
63 86
63 65
63 322
63 89
63 71
63 222
63 63
216 278
216 301
216 216
67 320
67 227
67 67
67 246
246 320
246 323
246 246
246 247
247 295
247 296
247 257
247 262
247 247
68 309
68 266
68 326
68 342
68 226
68 68
82 307
82 315
82 82
82 316
316 316
95 267
95 95
96 268
96 274
96 96
96 97
97 97
102 308
102 314
102 102
72 344
72 72
72 303
72 304
72 331
72 339
303 344
303 303
303 304
303 331
303 339
304 304
304 332
304 340
116 116
116 117
116 118
116 331
116 332
116 138
116 358
116 143
117 117
117 118
117 331
117 332
117 138
117 358
117 143
118 118
118 331
118 332
331 344
331 331
331 332
331 339
332 332
332 340
105 298
105 289
105 294
105 105
105 106
106 118
106 106
137 280
137 297
137 288
137 137
137 138
137 299
138 138
138 358
138 143
148 157
148 158
148 284
148 341
148 197
148 182
148 338
148 148
148 149
148 150
149 149
149 150
149 339
149 340
149 180
150 304
150 332
150 150
150 339
150 340
339 344
339 339
339 340
340 340
103 298
103 289
103 294
103 105
103 103
103 104
103 329
104 123
104 104
104 329
104 107
104 134
329 329
107 123
107 287
107 127
107 107
107 330
107 134
330 337
330 360
330 361
330 350
330 330
198 329
198 198
198 219
214 291
214 254
214 241
214 244
214 214
214 252
180 180
180 358
358 358
175 305
175 194
175 175
175 240
175 264
347 347
347 348
348 357
348 348
69 290
69 146
69 272
69 69
69 299
299 299
142 142
142 143
142 144
143 358
143 143
143 144
144 144
119 156
119 159
119 310
119 189
119 119
119 120
120 120
120 176
120 170
120 237
176 176
176 177
176 237
177 336
177 184
177 177
177 346
177 356
139 139
139 140
139 141
140 169
140 364
140 140
140 141
140 171
140 239
140 263
141 368
141 141
141 174
170 176
170 170
170 171
170 237
170 238
170 186
171 364
171 172
171 173
171 171
171 239
171 263
174 174
237 237
237 238
238 238
239 370
239 335
239 364
239 239
239 240
239 263
240 305
240 240
240 264
232 291
232 370
232 243
232 335
232 353
232 369
232 232
232 233
232 252
233 254
233 255
233 374
233 241
233 242
233 244
233 234
233 235
233 236
233 233
134 287
134 134
217 357
217 348
217 217
162 164
162 173
162 162
162 345
162 346
345 345
345 346
346 346
252 291
252 253
252 254
252 353
252 369
252 252
263 370
263 335
263 364
263 263
263 264
264 305
264 264
178 336
178 184
178 178
199 254
199 255
199 208
199 209
199 374
199 241
199 242
199 244
199 202
199 236
199 233
199 199
186 188
186 238
186 186
186 187
186 362
187 187
187 362
187 328
187 356
362 362
328 362
328 328
328 356
203 337
203 360
203 361
203 350
203 330
203 203
356 362
356 356
219 329
219 219
211 366
211 359
211 338
211 211
196 196
196 327
196 333
327 327
327 333
333 333
41 41
41 42
41 279
41 70
42 42
42 279
42 51
42 53
279 279
279 300
70 70
70 300
300 300
51 51
53 53
15 15
15 16
15 30
16 16
16 30
30 30
4 4
11 11
22 22
22 23
23 23
24 24
94 94
114 114
114 115
115 115
126 126
163 163
192 192
193 193
195 195
200 200
201 201
204 204
205 205
206 206
210 210
212 212
213 213
215 215
218 218
220 220
221 221
228 228
231 231
250 250
292 292
312 312
317 317
349 349
354 354
355 355
