/
1,90.39,2.75
2,90.39,1.53
3,73.54,2.74
7,43.16,1.54
8,42.22,1.48
94,32.52,1.48
95,32.55,1.65
97,32.71,2.38
111,42.14,1.41
112,42.36,2.25
113,42.36,2.75
115,43.24,4.47
116,43.35,2.26
117,43.34,2.74
118,43.38,4.52
162,73.54,4.51
/
5,46.63,1.64
20,-0.83,1.33
38,15.32,0.91
39,15.57,1.89
40,15.65,0.89
41,15.65,1.07
60,22.16,1.06
61,22.22,1.19
62,22.3,1.33
67,24.57,0.88
69,24.67,1.63
72,26.17,0.91
73,26.0,1.19
74,26.07,2.32
/
9,30.64,2.28
78,27.8,1.04
80,27.88,0.95
81,27.92,1.19
90,30.56,1.04
91,30.64,2.45
121,44.98,2.44
/
42,16.77,1.73
43,16.85,1.85
235,140.0,1.84
236,139.97,1.88
237,140.19,1.93
238,140.02,6.15
/
22,4.67,5.63
206,124.3,5.37
207,124.2,5.63
208,124.22,6.17
209,125.0,5.62
210,125.04,6.17
/
10,20.44,2.09
55,20.56,5.94
56,20.58,6.24
93,31.95,2.08
193,106.14,5.94
228,133.86,6.24
/
57,21.19,1.1
58,21.18,1.29
85,28.99,1.1
87,29.36,1.3
88,29.26,2.7
/
99,33.76,1.59
100,33.66,2.3
101,33.63,2.36
102,35.37,0.89
103,35.36,1.6
/
23,8.82,0.94
27,13.18,0.92
28,13.28,1.26
29,13.23,1.79
32,14.11,1.26
/
21,2.24,6.15
33,14.61,6.22
34,14.73,1.88
36,14.67,6.15
190,98.55,6.23
/
0,134.21,3.85
4,50.96,5.37
15,-6.84,5.36
129,50.85,3.85
/
166,75.13,4.92
167,75.18,5.42
182,84.08,4.91
224,130.01,5.42
/
168,77.56,7.89
169,78.25,4.75
170,78.43,7.89
186,86.56,4.74
/
11,-1.41,1.82
12,-1.41,1.52
17,-2.36,1.81
19,-1.51,1.82
/
104,37.1,1.1
105,37.12,1.3
106,37.02,1.45
128,50.59,1.45
/
199,115.04,6.81
200,115.22,6.93
201,115.21,7.65
202,118.03,6.82
/
212,125.88,5.64
213,125.8,5.88
214,125.83,5.97
215,125.84,6.06
/
13,-1.78,1.88
18,-1.92,1.88
30,13.46,1.89
/
24,10.7,0.84
25,10.63,1.75
79,27.6,1.75
/
44,17.8,1.06
45,17.97,1.19
46,17.86,1.25
/
52,20.06,1.02
53,20.05,1.81
64,23.25,1.03
/
54,20.66,2.22
76,27.28,0.88
77,27.28,2.21
/
83,28.7,1.63
84,28.69,2.63
86,28.89,1.34
/
140,61.67,3.56
142,62.77,3.57
143,62.88,4.32
/
146,65.11,4.09
147,65.11,4.16
158,71.8,4.09
/
227,132.9,6.27
230,134.95,6.27
231,135.09,5.71
/
6,44.67,4.33
120,44.32,4.33
/
14,-7.1,4.35
144,63.15,4.35
/
31,14.31,1.16
107,39.22,1.17
/
48,18.99,0.88
49,19.02,1.82
/
50,19.59,1.52
51,19.57,1.97
/
65,23.64,0.95
66,23.73,1.31
/
70,25.57,2.0
71,25.67,2.96
/
82,28.27,2.59
108,39.72,2.6
/
119,43.89,4.14
122,45.26,4.14
/
123,45.98,3.07
125,47.47,3.07
/
130,51.65,3.82
133,59.25,3.82
/
134,59.64,3.9
135,59.66,4.0
/
148,65.58,3.47
149,65.52,3.78
/
154,69.83,3.85
155,69.92,4.33
/
159,72.53,4.32
161,72.68,4.54
/
163,74.46,4.49
164,74.6,3.26
/
173,80.15,3.75
174,80.35,4.08
/
175,80.76,5.39
177,81.32,5.39
/
178,82.15,4.64
179,82.16,5.37
/
171,78.77,4.7
183,85.19,4.7
/
196,112.94,7.39
203,119.07,7.39
/
216,126.59,1.88
217,126.62,5.62
/
218,126.83,5.46
225,132.36,5.47
/
191,102.66,6.55
222,128.45,6.55
/
35,14.81,6.1
239,140.8,6.1
/
16,-5.95,5.36
/
26,11.2,0.72
/
37,15.03,0.82
/
47,18.19,1.83
/
59,21.83,0.89
/
63,22.67,1.25
/
68,24.84,1.35
/
75,26.98,2.07
/
89,29.6,1.01
/
92,31.71,1.3
/
96,32.81,2.21
/
98,33.23,1.37
/
109,40.63,2.25
/
110,41.24,3.04
/
114,42.76,3.09
/
124,46.89,1.64
/
126,48.04,3.33
/
127,49.85,3.86
/
131,54.02,3.16
/
132,55.3,3.87
/
136,60.03,4.13
/
137,60.38,3.69
/
138,60.79,4.33
/
139,61.02,4.33
/
141,61.88,4.33
/
145,63.44,4.32
/
150,66.63,3.63
/
151,67.04,4.04
/
152,67.62,4.35
/
153,68.25,3.84
/
156,71.1,3.54
/
157,71.49,3.41
/
160,72.8,4.35
/
165,74.74,4.8
/
172,79.1,5.31
/
176,81.11,5.36
/
180,83.16,5.36
/
181,83.44,5.39
/
184,85.65,4.3
/
185,86.11,4.2
/
187,86.98,4.26
/
188,93.45,6.42
/
189,94.96,5.92
/
192,104.35,5.82
/
194,106.98,5.94
/
195,110.4,7.2
/
197,113.45,6.95
/
198,114.34,6.37
/
204,121.05,7.56
/
205,122.83,7.08
/
211,125.22,6.52
/
219,127.11,5.48
/
220,127.88,6.01
/
221,128.16,7.48
/
223,129.72,5.39
/
226,132.56,5.47
/
229,134.7,6.23
/
232,137.34,6.34
/
233,138.66,6.83
/
234,139.28,6.18
/
240,145.31,7.61
/
241,151.16,1.88
/
242,151.55,1.82
/
243,151.97,1.88
/
244,156.0,5.37
