227 227
227 230
230 230
230 231
231 231
218 218
218 225
225 225
22 22
22 207
22 209
206 206
206 207
206 208
207 207
207 208
207 209
208 208
208 210
209 209
209 210
210 210
199 199
199 200
199 201
199 202
200 200
200 201
201 201
202 202
196 196
196 203
203 203
191 191
191 222
222 222
175 175
175 177
177 177
171 171
171 183
183 183
168 168
168 170
169 169
169 170
169 186
170 170
186 186
166 166
166 167
166 182
167 167
167 224
182 182
224 224
146 146
146 147
146 158
147 147
158 158
140 140
140 142
142 142
142 143
143 143
130 130
130 133
133 133
123 123
123 125
125 125
119 119
119 122
122 122
8 8
8 111
8 112
8 113
8 94
111 111
112 112
112 113
112 116
113 113
113 117
94 94
94 95
94 97
95 95
95 97
97 97
1 113
1 1
1 2
1 3
1 117
2 2
2 7
3 113
3 3
3 162
3 117
162 162
7 7
7 115
7 116
7 117
115 115
115 116
115 117
115 118
116 116
116 117
116 118
117 117
117 118
118 162
118 118
104 104
104 105
104 106
105 105
105 106
106 106
106 128
128 128
99 99
99 100
99 101
99 103
100 100
100 101
101 101
102 102
102 103
103 103
9 9
9 90
9 91
90 90
90 91
91 91
91 121
78 90
78 78
78 80
78 81
80 80
80 81
81 81
121 121
82 82
82 108
108 108
57 57
57 58
57 85
58 58
58 87
85 85
87 87
87 88
88 88
10 10
10 55
10 56
10 93
55 55
55 56
55 193
56 56
56 228
93 93
193 193
228 228
54 54
54 77
76 76
76 77
77 77
52 52
52 53
52 64
53 53
64 64
5 5
5 69
67 67
67 69
69 69
39 39
39 40
39 41
40 67
40 40
40 41
40 72
41 41
41 60
20 20
20 62
60 60
60 61
60 62
61 61
61 62
61 73
62 62
38 40
38 38
38 72
72 72
72 73
72 74
73 73
73 74
74 74
42 42
42 43
43 43
43 235
235 235
235 236
235 237
235 238
236 236
236 238
237 237
237 238
238 238
35 35
35 239
239 239
21 21
21 36
33 33
33 34
33 36
33 190
34 34
34 36
36 36
190 190
31 31
31 107
107 107
23 23
23 27
27 27
27 28
27 29
28 28
28 29
28 32
29 29
32 32
24 24
24 25
25 25
25 79
79 79
14 14
14 144
144 144
13 13
13 18
13 30
18 18
18 30
30 30
11 11
11 12
11 19
11 17
12 12
12 19
19 19
17 19
17 17
6 6
6 120
120 120
0 0
0 129
4 4
4 129
4 15
129 129
15 15
16 16
26 26
37 37
44 44
44 45
44 46
45 45
45 46
46 46
47 47
48 48
48 49
49 49
50 50
50 51
51 51
59 59
63 63
65 65
65 66
66 66
68 68
70 70
70 71
71 71
75 75
83 83
83 84
83 86
84 84
84 86
86 86
89 89
92 92
96 96
98 98
109 109
110 110
114 114
124 124
126 126
127 127
131 131
132 132
134 134
134 135
135 135
136 136
137 137
138 138
139 139
141 141
145 145
148 148
148 149
149 149
150 150
151 151
152 152
153 153
154 154
154 155
155 155
156 156
157 157
159 159
159 161
161 161
160 160
163 163
163 164
164 164
165 165
172 172
173 173
173 174
174 174
176 176
178 178
178 179
179 179
180 180
181 181
184 184
185 185
187 187
188 188
189 189
192 192
194 194
195 195
197 197
198 198
204 204
205 205
211 211
212 212
212 213
212 214
212 215
213 213
213 214
213 215
214 214
214 215
215 215
216 216
216 217
217 217
219 219
220 220
221 221
223 223
226 226
229 229
232 232
233 233
234 234
240 240
241 241
242 242
243 243
244 244
