99 99
99 101
101 101
76 76
76 77
76 78
76 131
77 77
77 78
77 131
77 85
78 78
78 131
131 131
85 85
49 49
49 50
49 51
49 119
50 50
50 51
51 51
65 65
65 119
65 73
65 126
119 119
73 73
73 74
73 126
73 127
74 74
74 126
74 127
126 126
126 127
127 127
61 61
61 71
71 71
48 48
48 68
67 67
67 68
67 69
67 121
68 68
68 69
68 121
69 69
69 121
121 121
54 67
54 54
26 26
26 86
26 97
86 86
97 97
97 98
98 98
25 25
25 135
135 135
18 18
18 23
18 29
23 23
23 24
23 29
24 24
24 28
28 28
28 29
29 29
10 10
10 11
10 12
10 13
10 70
11 11
11 12
11 13
11 22
12 12
12 13
12 107
13 13
13 43
13 115
70 70
22 22
0 0
0 1
0 2
0 8
0 36
1 1
1 2
1 35
1 55
2 2
2 34
2 42
2 116
4 4
4 5
4 6
4 7
4 8
4 45
4 108
5 5
5 6
5 7
5 8
5 46
5 109
5 21
6 6
6 7
6 8
6 47
6 30
6 40
7 7
7 8
7 39
8 8
8 36
34 34
34 35
34 36
34 42
34 116
35 35
35 36
35 55
36 36
42 42
42 43
42 44
42 45
42 46
42 47
42 116
43 43
43 44
43 45
43 46
43 47
43 115
44 44
44 45
44 46
44 47
45 45
45 46
45 47
45 108
46 46
46 47
46 109
47 47
107 107
107 108
107 109
108 108
108 109
109 109
20 20
20 21
20 38
20 27
21 46
21 109
21 21
30 47
30 30
30 40
38 38
38 39
38 40
39 39
39 40
40 47
40 40
55 55
55 115
55 116
115 115
115 116
116 116
27 38
27 27
15 15
15 16
15 87
16 16
16 88
16 59
87 87
87 88
88 88
56 56
56 57
56 58
56 59
56 60
56 117
57 87
57 57
57 58
57 59
57 60
57 117
58 58
58 59
58 60
58 117
59 88
59 59
59 60
59 117
60 60
60 117
117 117
14 14
14 84
83 83
83 84
84 84
3 3
3 33
32 32
32 33
33 33
9 32
9 9
17 17
19 19
31 31
37 37
41 41
52 52
53 53
53 114
114 114
62 62
63 63
64 64
66 66
66 120
120 120
72 72
72 122
72 123
122 122
123 123
75 75
75 128
75 129
75 130
128 128
128 129
128 130
129 129
129 130
130 130
79 79
80 80
80 133
133 133
81 81
81 82
81 136
81 137
82 82
82 136
82 137
136 136
136 137
137 137
89 89
90 90
91 91
92 92
93 93
94 94
95 95
96 96
100 100
102 102
102 103
103 103
104 104
105 105
105 106
106 106
110 110
111 111
112 112
113 113
118 118
124 124
124 125
125 125
132 132
134 134
138 138
139 139
139 140
140 140
141 141
