/
0,207.68,5.79
1,207.63,1.51
2,207.52,2.51
4,192.03,4.04
5,192.03,3.92
6,192.03,3.05
7,192.03,4.54
8,192.02,5.79
10,176.16,2.35
11,176.15,1.62
12,176.12,4.14
13,176.08,2.3
20,149.2,6.61
21,149.13,3.92
22,145.62,1.64
27,136.32,6.61
30,106.82,3.05
34,91.07,2.51
35,91.03,1.51
36,91.01,5.79
38,88.09,6.61
39,87.99,4.54
40,87.99,3.05
42,74.54,2.51
43,74.51,2.31
44,74.46,4.7
45,74.43,4.04
46,74.43,3.92
47,74.42,3.05
55,46.4,1.51
70,30.92,2.35
107,62.13,4.14
108,62.01,4.03
109,62.0,3.93
115,46.21,2.31
116,46.2,2.52
/
15,172.48,5.48
16,172.45,6.16
56,45.94,2.31
57,45.94,5.46
58,45.94,2.52
59,45.94,6.16
60,45.92,4.54
87,126.03,5.47
88,126.0,6.17
117,45.76,4.13
/
49,62.38,1.27
50,62.19,3.05
51,62.19,4.54
65,33.81,0.9
73,24.64,0.91
74,24.59,0.87
119,33.69,1.28
126,24.46,0.88
127,24.45,1.31
/
48,63.86,1.31
54,47.79,0.85
67,31.15,0.84
68,31.11,1.32
69,31.01,1.63
121,31.11,2.41
/
18,169.39,1.79
23,142.52,1.79
24,142.51,1.88
28,128.56,1.88
29,128.55,1.79
/
76,22.04,1.9
77,22.04,6.08
78,22.02,1.68
85,142.29,6.08
131,21.86,1.79
/
3,207.06,1.54
9,186.77,5.86
32,91.91,5.86
33,91.88,1.54
/
26,136.71,4.38
86,136.73,6.28
97,74.27,4.37
98,74.27,4.54
/
81,17.7,1.98
82,17.7,1.77
136,17.73,1.98
137,17.54,1.88
/
75,22.93,2.52
128,22.99,1.04
129,22.93,0.87
130,22.81,1.51
/
72,26.82,2.35
122,27.01,1.33
123,26.64,1.63
/
14,174.09,4.24
83,16.18,4.14
84,16.09,4.24
/
53,50.85,4.54
114,50.69,3.06
/
61,41.29,0.88
71,29.92,0.88
/
80,21.08,0.86
133,21.1,1.49
/
99,73.77,4.16
101,66.84,4.17
/
102,65.17,3.71
103,65.15,3.62
/
105,63.61,4.24
106,63.42,4.42
/
66,31.58,1.27
120,31.42,1.28
/
124,26.56,2.23
125,26.54,2.51
/
25,137.39,1.83
135,19.78,1.84
/
139,15.95,1.3
140,15.91,0.9
/
17,171.17,6.23
/
19,169.06,6.01
/
31,104.8,6.61
/
37,89.86,1.42
/
41,75.38,1.46
/
52,52.9,2.33
/
62,39.32,0.86
/
63,36.17,1.62
/
64,34.77,0.86
/
79,21.77,0.84
/
89,117.25,6.85
/
90,116.48,6.92
/
91,116.13,6.89
/
92,108.36,5.86
/
93,106.5,5.79
/
94,104.6,6.61
/
95,87.8,4.72
/
96,83.66,5.38
/
100,72.0,3.95
/
104,64.63,4.39
/
110,58.11,3.92
/
111,57.39,4.28
/
112,56.11,3.13
/
113,52.69,3.79
/
118,35.96,2.35
/
132,21.54,0.86
/
134,20.58,0.94
/
138,16.95,1.22
/
141,13.81,0.7
