/
2,63.96,4.11
3,59.96,3.29
4,59.96,3.07
5,59.96,3.22
6,53.81,3.72
28,16.61,0.84
45,23.64,0.94
49,24.76,0.95
50,24.85,2.03
57,28.3,2.7
69,32.63,1.89
70,32.72,-1.19
98,50.3,3.25
99,50.99,8.48
100,51.09,2.91
105,53.84,2.71
106,53.83,3.21
107,53.84,3.46
108,53.83,3.6
110,56.1,3.25
111,56.15,3.73
118,57.88,1.6
119,57.91,1.58
120,57.92,2.19
121,57.97,2.31
122,57.91,2.55
124,58.08,2.69
127,59.94,0.84
128,59.96,3.6
131,62.59,3.16
134,63.3,3.76
135,63.3,3.82
136,63.47,3.22
137,63.46,3.71
138,63.46,3.88
139,63.54,3.1
140,63.66,2.92
142,63.71,3.21
143,63.77,3.5
144,63.8,2.36
145,63.82,3.11
154,70.55,3.38
155,70.68,3.87
156,70.77,3.29
157,70.76,3.38
166,74.2,3.53
167,74.18,3.82
168,74.38,3.82
171,75.47,3.7
176,78.22,3.51
179,78.68,3.45
220,141.52,1.88
221,141.68,3.82
242,182.96,3.12
248,177.77,3.61
249,177.68,2.03
255,78.74,3.73
256,78.7,3.72
257,78.7,3.7
265,75.5,3.53
266,75.49,5.23
267,75.47,3.4
268,74.22,3.4
269,74.18,3.71
270,74.17,5.23
277,70.79,3.37
278,70.76,0.85
279,70.64,1.13
285,63.89,3.1
286,63.85,3.13
287,63.85,2.55
288,63.8,3.16
289,63.8,3.07
290,63.71,3.21
291,63.71,2.69
292,63.51,3.39
297,60.03,3.49
298,59.99,3.72
299,59.96,3.61
300,59.95,3.21
301,58.08,3.21
302,58.06,2.69
303,57.93,3.1
304,57.91,3.13
305,57.91,3.07
306,57.91,2.55
307,57.9,3.16
310,56.17,3.26
311,53.88,3.33
312,53.86,3.1
313,53.83,3.61
314,53.83,3.21
335,24.78,0.95
337,23.63,0.96
338,23.6,0.99
/
8,22.81,4.1
9,2.16,1.32
16,2.13,1.32
17,2.34,1.32
21,11.89,0.91
22,11.97,11.33
24,13.78,0.91
25,13.94,1.22
38,22.81,1.31
39,22.81,1.53
58,28.63,1.28
59,28.61,1.53
66,31.37,1.28
82,40.38,2.16
327,31.41,2.16
328,31.37,1.53
332,28.61,2.16
342,22.82,4.1
343,22.82,1.42
344,22.82,1.21
/
31,19.38,0.98
32,20.67,1.03
33,20.7,1.13
34,20.83,0.06
55,27.42,0.5
56,27.53,1.03
90,44.16,3.54
151,69.31,3.43
152,69.31,3.53
281,69.34,1.13
345,20.7,0.99
346,19.4,1.03
/
30,18.89,1.47
60,29.01,2.13
61,29.13,1.72
72,33.57,2.44
103,53.22,3.76
315,53.22,1.47
324,33.55,3.76
330,29.02,2.44
331,29.02,3.76
/
7,48.41,2.53
94,48.45,2.64
117,57.67,2.54
175,77.81,6.73
260,78.01,2.66
261,78.01,2.51
262,77.95,2.53
263,77.89,2.64
316,48.48,2.66
/
53,26.5,2.0
62,29.6,9.58
63,29.78,2.0
123,58.14,2.56
125,58.1,2.88
329,29.53,2.89
/
161,72.34,3.4
162,72.33,3.52
172,76.86,3.23
264,76.85,3.48
273,72.32,3.48
274,72.19,0.98
/
52,26.24,1.61
54,27.13,1.61
130,62.2,4.3
296,62.32,1.0
333,27.2,1.0
/
10,-4.6,4.71
11,-4.6,4.77
235,159.9,4.77
236,159.97,4.72
237,159.97,4.78
/
40,23.04,1.31
41,23.11,0.85
42,23.19,1.31
340,23.14,0.85
341,23.14,3.38
/
104,53.58,3.2
112,56.73,3.2
113,56.87,3.76
308,56.92,2.44
309,56.73,3.21
/
132,62.98,3.94
133,63.16,3.58
293,63.16,1.32
294,63.09,0.98
295,63.08,1.03
/
149,68.73,3.66
150,68.71,4.24
282,68.9,3.26
283,68.75,3.21
284,68.71,1.32
/
177,78.47,3.48
178,78.6,-0.19
217,137.79,-0.19
258,78.61,3.39
259,78.5,3.24
/
67,31.7,2.06
68,31.82,2.26
325,31.82,1.03
326,31.81,0.98
/
158,71.22,1.32
159,71.23,4.1
275,71.24,1.32
276,71.24,1.32
/
193,98.63,4.63
194,98.86,4.63
253,98.64,3.24
254,98.62,3.46
/
51,25.36,1.25
78,38.62,1.25
321,38.6,0.99
322,38.51,0.93
/
12,-2.65,0.01
15,0.0,0.0
348,-0.01,0.0
/
43,23.36,0.84
44,23.32,0.9
339,23.34,0.91
/
47,24.35,-0.46
48,24.47,1.19
336,24.48,0.92
/
79,38.92,-0.59
319,39.09,0.85
320,39.09,3.37
/
71,32.93,3.04
84,41.49,-2.38
85,41.55,3.04
/
46,24.03,-2.73
87,42.16,-0.28
88,42.33,-2.72
/
77,38.1,3.41
95,48.79,3.41
323,38.07,0.91
/
101,51.58,1.04
102,51.62,3.35
185,83.05,3.34
/
81,40.18,4.07
160,71.42,4.07
318,40.12,2.6
/
163,72.55,3.39
164,72.62,3.91
272,72.62,0.91
/
198,111.02,-1.81
199,111.15,10.77
216,137.48,-1.81
/
36,22.51,1.31
37,22.58,1.32
/
74,35.54,3.01
86,41.76,3.01
/
20,8.87,7.01
83,41.12,7.01
/
96,49.11,-0.75
97,49.27,0.79
/
165,72.91,11.08
271,72.86,3.22
/
181,79.83,-2.22
182,79.93,11.77
/
27,15.39,-0.85
187,86.02,-0.84
/
189,94.81,5.13
190,94.8,5.23
/
201,116.22,8.95
202,116.38,-3.03
/
203,118.49,4.13
204,118.6,6.89
/
223,146.8,-3.06
224,146.96,10.83
/
227,152.99,-0.94
228,153.15,1.32
/
229,153.28,1.28
230,153.37,1.32
/
239,185.32,1.32
240,185.22,4.1
/
244,182.06,2.52
245,182.04,2.65
/
89,42.57,1.67
317,42.56,0.95
/
0,132.37,7.54
/
1,102.06,7.81
/
13,-1.64,-2.32
/
14,-1.43,7.08
/
18,3.38,0.62
/
19,5.04,10.01
/
23,12.39,7.7
/
26,14.57,-2.82
/
29,18.43,-0.68
/
35,22.18,1.32
/
64,30.19,1.94
/
65,30.65,-1.44
/
73,34.74,1.22
/
75,36.21,2.34
/
76,36.76,2.41
/
80,39.68,-1.53
/
91,44.56,7.16
/
92,46.98,-0.53
/
93,47.25,7.48
/
109,54.04,3.22
/
114,56.97,0.35
/
115,57.23,3.75
/
116,57.43,3.97
/
126,59.75,3.6
/
129,60.22,3.6
/
141,63.75,2.94
/
146,64.38,-3.01
/
147,64.69,1.54
/
148,67.57,3.63
/
153,69.96,4.88
/
169,74.5,3.88
/
170,75.24,-1.66
/
173,77.18,0.41
/
174,77.42,0.87
/
180,78.9,3.45
/
183,81.02,6.07
/
184,81.94,0.97
/
186,83.89,4.54
/
188,88.69,4.33
/
191,95.62,7.73
/
192,97.69,6.54
/
195,99.41,6.82
/
196,100.46,-2.79
/
197,110.14,1.79
/
200,115.52,2.88
/
205,120.98,8.76
/
206,123.48,6.67
/
207,124.36,-0.06
/
208,127.49,-2.87
/
209,129.74,-0.09
/
210,130.53,-2.84
/
211,131.1,7.86
/
212,131.83,7.42
/
213,132.12,7.33
/
214,133.51,7.19
/
215,135.44,0.0
/
218,138.42,-2.69
/
219,138.86,-2.59
/
222,141.9,3.82
/
225,148.25,8.11
/
226,152.23,-2.5
/
231,153.48,0.16
/
232,155.57,5.75
/
233,155.91,6.1
/
234,158.45,4.6
/
238,187.08,2.16
/
241,184.72,2.52
/
243,182.28,3.22
/
246,180.42,2.44
/
247,178.62,1.47
/
250,176.9,3.76
/
251,175.22,3.55
/
252,101.43,3.61
/
280,70.21,0.9
/
334,26.9,0.95
/
347,5.88,3.61
