52 52
52 54
54 54
54 333
333 333
130 130
130 296
296 333
296 296
7 7
7 94
7 316
7 117
7 262
7 261
94 94
94 316
94 263
94 260
316 316
117 117
117 262
175 175
175 262
175 263
175 260
175 261
262 262
262 263
263 316
263 263
260 316
260 262
260 263
260 260
260 261
261 262
261 263
261 261
21 21
21 22
21 24
22 22
24 24
24 25
25 25
25 344
3 3
3 4
3 5
3 127
3 128
3 297
3 298
3 299
3 300
3 156
4 4
4 5
4 127
4 128
4 297
4 298
4 299
4 300
4 289
4 305
5 5
5 127
5 128
5 297
5 298
5 299
5 300
5 106
5 314
5 301
5 142
5 290
5 136
127 127
127 128
127 297
127 298
127 299
127 300
127 278
128 128
128 297
128 298
128 299
128 300
128 313
128 248
297 297
297 298
297 299
297 300
298 298
298 299
298 300
299 299
299 300
299 313
300 300
300 314
300 301
156 156
156 157
156 277
156 278
156 279
157 157
157 277
157 278
157 292
157 279
157 267
157 268
277 277
277 278
277 292
277 279
278 278
278 279
2 2
2 143
2 144
2 145
2 285
2 286
2 287
2 288
2 289
2 8
2 342
143 297
143 143
143 144
143 145
143 285
143 286
143 287
143 288
143 289
143 290
143 291
143 176
144 144
144 145
144 285
144 286
144 287
144 288
144 289
144 290
144 291
145 145
145 285
145 286
145 287
145 288
145 289
145 312
145 303
145 304
145 290
145 291
145 242
285 285
285 286
285 287
285 288
285 289
285 312
285 303
285 290
285 291
286 286
286 287
286 288
286 289
286 304
286 290
286 291
287 287
287 288
287 289
287 306
287 290
287 291
288 288
288 289
288 307
288 290
288 291
289 289
289 305
289 290
289 291
8 8
8 38
8 39
8 342
8 343
8 344
38 38
38 39
38 342
38 343
38 344
39 39
39 342
39 343
39 344
39 59
39 328
342 342
342 343
342 344
343 343
343 344
344 344
6 298
6 6
6 105
6 106
6 107
6 108
6 311
6 312
6 313
6 314
6 111
6 255
6 256
6 257
6 137
6 171
6 269
105 105
105 106
105 107
105 108
105 311
105 312
105 313
105 314
105 124
105 302
105 291
106 300
106 106
106 107
106 108
106 311
106 312
106 313
106 314
106 301
106 142
106 290
106 136
107 107
107 108
107 311
107 312
107 313
107 314
107 179
108 128
108 299
108 108
108 311
108 312
108 313
108 314
108 248
311 311
311 312
311 313
311 314
312 312
312 313
312 314
313 313
313 314
314 314
110 110
110 111
110 310
111 298
111 111
111 310
111 255
111 256
111 137
111 269
310 310
9 38
9 9
9 16
9 17
16 38
16 16
16 17
17 38
17 17
28 127
28 278
28 28
58 58
58 59
58 332
58 66
59 59
59 332
59 328
332 332
57 105
57 57
57 124
57 302
57 291
66 66
66 327
66 328
327 332
327 327
327 328
328 328
82 332
82 327
82 82
98 110
98 310
98 98
179 179
179 255
179 256
179 257
255 298
255 255
255 256
255 257
255 269
256 298
256 256
256 257
256 269
257 298
257 257
257 269
45 45
45 337
45 338
45 49
45 335
337 337
337 338
338 338
49 337
49 49
49 50
49 335
50 50
50 335
50 249
335 337
335 335
248 299
248 313
248 248
248 249
249 249
118 118
118 119
118 120
118 121
118 122
118 124
118 301
118 302
118 303
118 304
118 305
118 306
118 307
119 119
119 120
119 121
119 122
119 124
119 301
119 302
119 303
119 304
119 305
119 306
119 307
120 120
120 121
120 122
120 124
120 301
120 302
120 303
120 304
120 305
120 306
120 307
121 121
121 122
121 124
121 301
121 302
121 303
121 304
121 305
121 306
121 307
122 287
122 122
122 124
122 301
122 302
122 303
122 304
122 305
122 306
122 307
124 124
124 301
124 302
124 303
124 304
124 305
124 306
124 307
124 291
301 314
301 301
301 302
301 303
301 304
301 305
301 306
301 307
302 302
302 303
302 304
302 305
302 306
302 307
303 312
303 303
303 304
303 305
303 306
303 307
304 304
304 305
304 306
304 307
305 305
305 306
305 307
306 306
306 307
307 307
131 288
131 307
131 131
99 99
99 100
100 100
100 140
139 145
139 285
139 312
139 303
139 139
139 140
139 142
139 290
139 291
139 292
139 242
140 143
140 144
140 145
140 286
140 287
140 288
140 289
140 140
140 142
140 290
140 291
140 292
142 300
142 143
142 144
142 145
142 285
142 286
142 287
142 288
142 289
142 314
142 301
142 142
142 290
142 291
142 292
290 300
290 314
290 301
290 290
290 291
290 292
291 302
291 291
291 292
292 292
176 297
176 176
176 265
69 69
69 70
69 220
70 70
220 220
220 221
221 221
134 134
134 135
134 136
134 137
134 138
135 221
135 135
135 136
135 137
135 138
135 167
135 168
136 300
136 314
136 301
136 139
136 140
136 142
136 290
136 292
136 136
136 137
136 138
137 298
137 255
137 256
137 257
137 139
137 140
137 292
137 137
137 138
137 171
137 269
138 139
138 140
138 292
138 138
138 155
154 157
154 277
154 292
154 154
154 155
154 279
154 267
154 268
155 156
155 157
155 277
155 278
155 155
155 279
279 279
171 298
171 256
171 257
171 171
171 265
171 266
171 267
171 269
265 265
265 266
265 267
266 266
266 267
266 270
267 292
267 267
267 268
166 176
166 265
166 166
166 167
166 168
166 268
166 269
166 270
167 221
167 167
167 168
167 268
167 269
167 270
168 221
168 168
168 268
168 269
268 292
268 268
268 269
268 270
269 298
269 269
269 270
270 270
242 285
242 286
242 312
242 303
242 304
242 242
198 198
198 199
198 216
199 199
216 216
193 193
193 253
193 254
193 194
253 253
253 254
254 254
194 194
177 177
177 178
177 258
177 259
178 178
178 258
178 259
178 217
258 258
258 259
259 259
217 217
161 161
161 162
161 273
161 274
162 162
162 273
162 274
273 273
273 274
274 274
172 172
172 264
264 273
264 264
53 53
53 63
62 62
62 63
62 329
63 63
329 329
123 123
123 125
125 329
125 125
104 104
104 112
104 309
112 112
112 113
112 308
112 309
113 113
113 308
113 309
308 308
308 309
309 309
60 60
60 61
60 330
60 331
61 61
61 330
61 331
330 330
330 331
331 331
72 330
72 72
72 324
324 331
324 324
30 30
30 315
103 331
103 324
103 103
103 315
315 315
101 101
101 102
102 102
102 185
185 185
31 31
31 346
31 345
346 346
32 346
32 32
32 33
32 34
32 345
32 56
33 33
33 34
33 345
33 281
34 34
34 345
345 345
55 55
55 56
56 346
56 56
151 151
151 152
151 281
152 152
152 281
281 281
90 152
90 90
81 81
81 318
81 160
318 318
160 160
77 77
77 323
77 95
323 323
95 95
74 74
74 86
86 86
71 71
71 85
84 84
84 85
85 85
51 51
51 78
78 78
78 321
78 322
321 321
321 322
322 322
46 46
46 88
87 87
87 88
88 88
27 27
27 187
187 187
20 20
20 83
83 83
12 12
12 15
12 348
15 15
15 348
348 348
10 10
10 11
10 236
11 11
11 235
11 237
235 235
235 236
235 237
236 236
236 237
237 237
0 0
1 1
13 13
14 14
18 18
19 19
23 23
26 26
29 29
35 35
36 36
36 37
37 37
40 40
40 41
40 42
40 340
40 341
41 41
41 42
41 340
41 341
42 42
42 340
42 341
340 340
340 341
341 341
43 43
43 44
43 339
44 44
44 339
339 339
47 47
47 48
47 336
48 48
48 336
336 336
64 64
65 65
67 67
67 68
67 325
67 326
68 68
68 325
68 326
325 325
325 326
326 326
73 73
75 75
76 76
79 79
79 319
79 320
319 319
319 320
320 320
80 80
89 89
89 317
317 317
91 91
92 92
93 93
96 96
96 97
97 97
109 109
114 114
115 115
116 116
126 126
129 129
132 132
132 133
132 293
132 294
132 295
133 133
133 293
133 294
133 295
293 293
293 294
293 295
294 294
294 295
295 295
141 141
146 146
147 147
148 148
149 149
149 150
149 282
149 283
149 284
150 150
150 282
150 283
150 284
282 282
282 283
282 284
283 283
283 284
284 284
153 153
158 158
158 159
158 275
158 276
159 159
159 275
159 276
275 275
275 276
276 276
163 163
163 164
163 272
164 164
164 272
272 272
165 165
165 271
271 271
169 169
170 170
173 173
174 174
180 180
181 181
181 182
182 182
183 183
184 184
186 186
188 188
189 189
189 190
190 190
191 191
192 192
195 195
196 196
197 197
200 200
201 201
201 202
202 202
203 203
203 204
204 204
205 205
206 206
207 207
208 208
209 209
210 210
211 211
212 212
213 213
214 214
215 215
218 218
219 219
222 222
223 223
223 224
224 224
225 225
226 226
227 227
227 228
228 228
229 229
229 230
230 230
231 231
232 232
233 233
234 234
238 238
239 239
239 240
240 240
241 241
243 243
244 244
244 245
245 245
246 246
247 247
250 250
251 251
252 252
280 280
334 334
347 347
