/
35,64.52,1.69
36,60.21,4.03
37,60.21,2.28
38,60.21,2.1
39,40.49,2.4
40,40.44,2.13
41,39.64,2.22
42,39.64,1.99
43,39.6,2.07
45,25.83,2.07
46,25.83,1.98
47,25.78,2.21
61,140.68,5.04
62,140.68,3.31
63,140.68,2.21
87,72.11,2.03
88,60.21,5.56
89,60.21,2.88
90,60.21,2.73
91,60.21,2.03
94,50.47,3.32
100,49.49,6.03
101,40.49,6.03
102,40.49,5.04
103,40.44,2.34
104,40.44,2.07
105,40.44,1.46
106,40.44,1.11
107,37.58,0.86
110,25.78,0.86
111,21.23,5.56
112,21.23,2.21
113,21.23,1.9
114,12.3,0.98
117,164.03,2.42
130,110.21,2.41
144,160.01,2.28
145,138.17,2.28
146,138.0,6.94
147,137.94,7.41
158,28.52,1.46
160,138.0,6.28
161,137.97,6.14
162,137.97,2.02
163,137.97,1.73
164,137.97,1.46
165,137.97,1.04
166,137.94,5.99
168,136.66,6.63
170,135.97,6.14
171,132.59,1.99
172,132.42,6.63
181,129.51,1.63
182,129.41,1.72
183,129.36,2.02
189,39.76,2.02
190,39.67,1.33
191,39.6,1.6
192,39.6,1.04
193,34.4,1.04
194,34.02,1.61
195,33.87,1.47
196,33.24,1.9
197,33.24,1.72
198,33.18,2.15
199,29.2,2.03
200,29.2,1.72
201,29.05,1.47
202,29.05,1.04
203,28.96,1.16
204,28.96,0.91
205,22.0,1.6
206,21.93,2.03
208,19.25,1.75
209,19.25,1.48
210,19.16,2.02
211,12.89,2.1
212,12.82,1.85
214,12.3,6.36
215,12.3,6.26
221,134.98,4.82
232,69.54,2.29
233,69.39,2.58
234,69.39,2.4
235,69.39,2.17
236,69.39,1.67
237,56.93,1.15
238,56.69,6.03
239,56.69,0.92
240,56.69,0.54
241,56.66,2.81
242,56.66,2.0
243,56.66,1.86
244,56.66,1.36
246,46.22,2.15
247,46.1,1.98
248,46.1,1.65
249,46.1,1.29
250,45.95,2.69
251,45.95,2.41
252,45.91,6.24
253,45.91,0.54
255,40.65,2.81
256,40.65,2.13
257,40.65,1.98
258,40.53,1.41
259,40.49,0.54
260,39.86,1.53
261,39.86,0.87
264,35.39,2.57
265,35.24,2.39
266,35.24,2.28
268,32.07,5.05
269,32.07,4.82
271,29.27,1.99
272,29.23,6.03
273,29.02,2.69
278,23.73,2.81
279,22.9,1.52
280,22.78,0.99
281,22.78,0.87
282,22.78,0.75
284,18.99,1.34
285,18.99,1.04
286,18.99,0.79
287,12.34,1.29
288,12.07,1.97
289,12.07,0.66
290,12.07,0.4
296,134.98,4.82
307,69.54,2.29
308,69.39,2.58
309,69.39,2.4
310,69.39,2.17
311,69.39,1.67
312,56.93,1.15
313,56.69,6.03
314,56.69,0.92
315,56.69,0.54
316,56.66,2.81
317,56.66,2.0
318,56.66,1.86
319,56.66,1.36
321,46.22,2.15
322,46.1,1.98
323,46.1,1.65
324,46.1,1.29
325,45.95,2.69
326,45.95,2.41
327,45.91,6.24
328,45.91,0.54
330,40.65,2.81
331,40.65,2.13
332,40.65,1.98
333,40.53,1.41
334,40.49,0.54
335,39.86,1.53
336,39.86,0.87
339,35.39,2.57
340,35.24,2.39
341,35.24,2.28
343,32.07,5.05
344,32.07,4.82
346,29.27,1.99
347,29.23,6.03
348,29.02,2.69
353,23.73,2.81
354,22.9,1.52
355,22.78,0.99
356,22.78,0.87
357,22.78,0.75
359,18.99,1.34
360,18.99,1.04
361,18.99,0.79
362,12.34,1.29
363,12.07,1.97
364,12.07,0.66
365,12.07,0.4
368,137.94,7.23
376,33.87,7.24
377,33.85,1.25
378,23.97,1.41
379,23.97,1.25
380,23.65,1.1
391,64.44,4.03
393,40.6,2.26
394,39.74,2.09
395,39.55,1.68
396,25.81,2.07
397,25.81,1.99
412,31.96,2.64
414,24.93,2.04
415,24.92,2.93
416,15.71,1.76
427,28.52,1.43
428,15.54,2.25
429,138.0,6.15
432,132.5,6.25
433,132.45,6.62
439,39.73,1.47
440,39.57,1.6
441,33.24,1.61
442,33.15,2.01
443,29.03,1.03
444,21.92,1.71
446,19.34,1.6
447,19.34,1.48
448,19.19,2.02
449,12.83,1.97
464,60.27,2.88
465,60.23,2.17
472,45.92,1.88
473,42.59,2.07
476,39.95,2.26
477,38.43,2.88
478,38.41,2.69
479,35.46,3.21
480,34.46,2.2
481,34.12,1.98
482,34.12,2.47
484,32.08,2.42
487,29.18,1.67
488,28.66,2.16
493,15.93,1.44
498,34.06,2.92
499,34.06,1.25
/
0,178.55,8.23
1,178.55,7.58
2,178.55,6.84
3,163.44,7.93
4,163.44,6.84
5,156.33,8.23
6,156.33,7.71
7,156.33,7.58
8,156.33,7.43
9,133.85,7.86
10,133.85,7.57
11,133.81,7.53
12,133.81,7.42
13,133.73,8.24
14,131.95,7.93
15,131.95,7.71
16,131.95,7.39
17,131.95,6.84
18,129.03,7.69
19,128.99,7.54
20,128.99,7.37
21,126.39,8.1
22,126.33,7.93
23,126.33,7.77
24,125.72,8.41
25,125.72,8.07
26,125.72,7.71
27,125.66,7.6
28,125.52,7.26
31,117.95,7.74
32,117.95,7.43
33,107.68,7.0
34,107.68,6.67
48,157.52,7.92
49,157.52,7.28
50,157.52,7.16
51,157.52,3.85
52,148.18,8.54
53,148.18,7.49
54,148.18,7.16
55,148.18,5.56
64,131.37,8.08
65,131.37,7.76
66,126.88,7.92
67,126.88,7.49
68,126.88,5.56
69,121.62,7.43
70,121.62,7.16
71,121.62,7.11
72,117.95,8.53
73,117.95,7.65
74,117.95,7.33
75,117.95,5.56
79,101.51,7.0
80,101.33,7.32
81,101.33,7.26
82,77.61,7.47
83,77.38,7.06
84,72.11,7.49
85,72.11,5.7
86,72.11,5.42
115,178.55,6.09
116,164.03,6.1
118,148.76,7.64
119,148.76,7.04
124,129.83,4.21
125,119.51,7.03
126,119.46,7.65
128,110.66,6.28
129,110.66,5.95
135,62.15,4.21
142,160.01,9.87
143,160.01,7.39
149,131.55,7.4
150,131.37,9.87
151,127.07,6.94
152,126.88,2.28
153,126.33,9.87
155,119.6,7.1
156,119.6,6.77
157,119.51,9.87
167,137.24,6.51
174,131.37,6.0
177,130.01,6.78
178,130.01,6.51
179,130.01,6.48
180,130.01,6.25
184,126.69,6.13
185,126.39,6.32
186,126.39,6.03
187,125.14,6.5
188,125.09,6.79
230,77.61,7.06
231,77.47,7.48
305,77.61,7.06
306,77.47,7.48
367,148.08,7.3
369,126.88,7.24
370,126.62,7.3
371,126.39,7.03
372,126.33,7.43
382,131.47,7.55
383,129.85,7.25
384,129.38,7.54
386,125.88,8.25
387,125.59,7.42
388,117.99,7.59
390,107.59,6.84
400,125.12,8.17
403,105.02,8.07
417,110.52,6.08
418,104.97,7.03
419,77.25,7.29
424,131.4,7.39
425,119.58,6.92
430,137.3,6.65
431,137.25,6.37
436,126.57,6.15
437,125.06,6.65
438,125.02,6.35
450,128.92,5.89
451,126.28,7.13
453,121.29,6.92
456,116.33,5.95
458,83.23,6.68
459,81.05,8.17
495,126.57,7.25
496,77.25,7.27
/
76,114.79,5.19
77,114.79,4.87
78,114.79,2.21
226,112.44,5.2
227,112.44,4.98
228,112.44,4.89
229,112.44,4.66
262,36.34,1.27
263,36.18,0.92
301,112.44,5.2
302,112.44,4.98
303,112.44,4.89
304,112.44,4.66
337,36.34,1.27
338,36.18,0.92
374,112.58,1.26
375,112.31,0.0
497,65.38,4.67
/
274,28.07,1.64
275,28.07,0.87
276,27.92,1.39
277,27.92,1.28
349,28.07,1.64
350,28.07,0.87
351,27.92,1.39
352,27.92,1.28
/
218,135.27,6.04
219,135.27,5.06
220,135.27,2.28
293,135.27,6.04
294,135.27,5.06
295,135.27,2.28
399,135.09,8.84
/
96,49.86,3.18
97,49.86,3.02
98,49.72,3.46
99,49.72,2.74
468,49.73,3.19
469,49.62,3.47
/
121,145.46,7.84
122,145.46,7.43
123,145.46,7.04
216,145.46,2.28
291,145.46,2.28
/
120,147.18,4.07
134,62.37,3.92
405,63.5,3.93
420,62.37,4.07
/
29,123.83,7.43
30,123.83,6.84
452,123.94,5.73
457,115.99,5.73
/
139,20.02,6.1
140,20.02,2.55
422,20.13,2.4
463,62.82,2.54
/
223,122.69,6.37
224,122.69,2.28
298,122.69,6.37
299,122.69,2.28
/
58,143.92,8.53
59,143.92,7.27
60,143.92,7.16
/
131,105.35,6.86
132,105.3,7.21
133,105.25,7.64
/
136,61.4,4.35
137,61.4,4.05
421,61.57,4.21
/
175,130.83,6.36
176,130.78,6.14
434,130.95,6.15
/
413,30.16,2.39
485,30.31,2.05
486,30.31,1.9
/
56,147.77,8.72
57,147.58,8.35
/
92,55.85,3.98
93,55.68,3.69
/
108,27.2,2.22
109,27.2,2.03
/
217,145.23,6.23
292,145.23,6.23
/
225,117.53,6.24
300,117.53,6.24
/
245,56.38,2.1
320,56.38,2.1
/
267,35.11,2.16
342,35.11,2.16
/
283,22.38,1.98
358,22.38,1.98
/
222,122.92,6.04
297,122.92,6.04
/
254,40.81,1.86
329,40.81,1.86
/
270,29.42,2.95
345,29.42,2.95
/
127,113.74,6.11
373,113.74,7.26
/
407,53.88,3.76
408,53.88,3.63
/
409,53.38,4.21
410,53.38,3.78
/
454,118.93,4.77
455,118.92,4.95
/
404,75.68,6.45
460,75.68,4.09
/
466,52.36,2.79
467,52.36,3.0
/
470,46.96,2.58
471,46.92,2.03
/
474,41.6,2.3
475,41.59,2.5
/
44,39.31,1.69
/
95,50.16,2.86
/
138,20.39,2.28
/
141,196.83,7.39
/
148,131.68,6.94
/
154,120.08,6.94
/
159,14.72,7.39
/
169,136.4,1.98
/
173,132.37,6.36
/
207,21.77,1.85
/
213,12.66,6.14
/
366,149.31,1.26
/
381,134.09,7.71
/
385,126.14,7.94
/
389,115.74,6.97
/
392,59.91,3.09
/
398,144.42,6.93
/
401,122.13,8.39
/
402,118.18,5.93
/
406,59.29,4.75
/
411,43.8,3.12
/
423,137.73,7.39
/
426,51.58,9.88
/
435,130.05,6.63
/
445,20.86,1.98
/
461,72.83,4.85
/
462,63.02,2.0
/
483,32.53,3.72
/
489,26.64,1.77
/
490,26.12,2.37
/
491,22.58,1.83
/
492,18.48,1.42
/
494,127.55,7.31
/
500,24.66,1.26
