106 106
106 114
106 165
106 192
106 193
106 202
106 203
106 237
106 239
106 263
106 280
106 285
106 312
106 314
106 338
106 355
106 360
106 366
106 374
106 377
106 379
106 380
106 443
106 499
106 500
106 204
106 249
106 262
106 277
106 287
106 324
106 337
106 352
106 362
114 114
114 165
114 192
114 193
114 202
114 203
114 237
114 239
114 263
114 280
114 285
114 312
114 314
114 338
114 355
114 360
114 380
114 443
114 214
114 215
114 204
114 261
114 275
114 281
114 286
114 336
114 350
114 356
114 361
165 165
165 192
165 193
165 202
165 203
165 237
165 239
165 263
165 280
165 285
165 312
165 314
165 338
165 355
165 360
165 380
165 443
165 204
165 261
165 275
165 281
165 336
165 350
165 356
192 192
192 193
192 202
192 203
192 237
192 239
192 263
192 280
192 285
192 312
192 314
192 338
192 355
192 360
192 380
192 443
192 204
192 261
192 275
192 281
192 336
192 350
192 356
193 193
193 202
193 203
193 237
193 239
193 263
193 280
193 285
193 312
193 314
193 338
193 355
193 360
193 380
193 443
193 204
193 261
193 275
193 281
193 336
193 350
193 356
202 202
202 203
202 237
202 239
202 263
202 280
202 285
202 312
202 314
202 338
202 355
202 360
202 380
202 443
202 204
202 261
202 275
202 281
202 336
202 350
202 356
203 203
203 237
203 280
203 285
203 312
203 355
203 360
203 366
203 374
203 377
203 379
203 380
203 443
203 499
203 500
203 204
203 249
203 262
203 277
203 284
203 287
203 324
203 337
203 352
203 359
203 362
237 237
237 280
237 285
237 312
237 355
237 360
237 366
237 374
237 377
237 379
237 380
237 443
237 499
237 500
237 249
237 262
237 277
237 284
237 287
237 324
237 337
237 352
237 359
237 362
239 239
239 263
239 280
239 285
239 314
239 338
239 355
239 360
239 380
239 443
239 313
239 261
239 275
239 281
239 282
239 286
239 336
239 350
239 356
239 357
239 361
239 240
239 315
263 263
263 280
263 285
263 314
263 338
263 355
263 360
263 380
263 443
263 275
263 281
263 282
263 286
263 336
263 350
263 356
263 357
263 361
280 280
280 285
280 312
280 314
280 338
280 355
280 360
280 380
280 443
280 281
280 282
280 286
280 336
280 350
280 356
280 357
280 361
285 285
285 312
285 314
285 338
285 355
285 360
285 380
285 443
285 286
285 336
285 350
285 356
285 361
285 359
312 312
312 355
312 360
312 366
312 374
312 377
312 379
312 380
312 443
312 499
312 500
312 324
312 337
312 352
312 359
312 362
314 314
314 338
314 355
314 360
314 380
314 443
314 336
314 350
314 356
314 357
314 361
314 315
338 338
338 355
338 360
338 380
338 443
338 350
338 356
338 357
338 361
355 355
355 360
355 380
355 443
355 356
355 357
355 361
360 360
360 380
360 443
360 361
366 366
366 374
366 377
366 379
366 380
366 499
366 500
366 378
366 427
366 492
366 493
374 374
374 377
374 379
374 380
374 499
374 500
374 378
374 427
374 492
374 493
377 377
377 379
377 380
377 499
377 500
377 378
377 427
377 492
377 493
379 379
379 380
379 499
379 500
379 427
379 492
379 493
380 380
380 443
380 499
380 500
443 443
499 499
499 500
500 500
128 128
128 160
128 173
128 175
128 180
128 185
128 214
128 215
128 217
128 223
128 225
128 252
128 292
128 298
128 300
128 327
128 404
128 431
128 432
128 438
128 129
128 139
128 161
128 170
128 176
128 184
128 213
128 417
128 429
128 434
128 436
128 179
160 160
160 173
160 175
160 180
160 185
160 214
160 215
160 217
160 223
160 225
160 252
160 292
160 298
160 300
160 327
160 404
160 431
160 432
160 438
160 161
160 170
160 176
160 184
160 213
160 417
160 429
160 434
160 436
160 179
173 173
173 175
173 180
173 185
173 214
173 215
173 217
173 223
173 225
173 252
173 292
173 298
173 300
173 327
173 404
173 431
173 432
173 438
173 178
173 179
173 187
175 175
175 180
175 185
175 214
175 215
175 217
175 223
175 225
175 252
175 292
175 298
175 300
175 327
175 404
175 431
175 432
175 438
175 178
175 179
175 187
180 180
180 185
180 214
180 215
180 217
180 223
180 225
180 252
180 292
180 298
180 300
180 327
180 404
180 431
180 432
180 438
180 184
180 213
180 417
180 429
180 434
180 436
185 185
185 214
185 215
185 217
185 223
185 225
185 252
185 292
185 298
185 300
185 327
185 404
185 431
185 432
185 438
185 371
185 186
185 213
185 429
185 434
185 436
185 187
214 214
214 215
214 217
214 223
214 225
214 252
214 292
214 298
214 300
214 327
214 404
214 431
214 432
214 438
215 215
215 217
215 223
215 225
215 252
215 292
215 298
215 300
215 327
215 404
215 431
215 432
215 438
215 417
215 429
215 434
215 436
217 217
217 223
217 225
217 252
217 292
217 298
217 300
217 327
217 431
217 432
217 438
217 218
217 222
217 238
217 272
217 293
217 297
217 313
217 347
217 417
217 429
217 434
217 436
223 223
223 225
223 252
223 292
223 298
223 300
223 327
223 404
223 431
223 432
223 438
223 224
223 299
225 225
225 252
225 292
225 298
225 300
225 327
225 431
225 432
225 438
225 293
225 297
225 417
225 429
225 434
225 436
252 252
252 292
252 298
252 300
252 327
252 431
252 432
252 438
252 293
252 297
252 417
252 429
252 434
252 436
252 472
252 253
252 328
292 292
292 298
292 300
292 327
292 431
292 432
292 438
292 293
292 297
292 313
292 347
292 417
292 429
292 434
292 436
298 298
298 300
298 327
298 404
298 431
298 432
298 438
298 299
300 300
300 327
300 431
300 432
300 438
300 417
300 429
300 434
300 436
327 327
327 431
327 432
327 438
327 417
327 429
327 434
327 436
327 472
327 328
404 404
404 431
404 432
404 438
404 460
404 430
404 437
404 433
404 435
431 431
431 432
431 438
432 432
432 438
432 434
432 436
438 438
36 36
36 51
36 92
36 120
36 124
36 134
36 135
36 137
36 391
36 405
36 409
36 420
36 421
36 460
36 37
36 38
36 465
36 91
36 88
36 89
36 90
51 51
51 92
51 134
51 137
51 391
51 405
51 93
51 407
51 410
51 483
92 92
92 120
92 134
92 137
92 391
92 405
92 420
92 460
92 410
120 120
120 124
120 134
120 135
120 137
120 391
120 405
120 409
120 420
120 421
120 460
124 124
124 135
124 137
124 391
124 409
124 420
124 421
124 460
124 383
124 136
134 134
134 137
134 391
134 405
134 420
134 460
134 407
134 410
134 483
135 135
135 137
135 391
135 409
135 420
135 421
135 460
135 136
137 137
137 391
137 405
137 409
137 420
137 421
137 460
391 391
391 405
391 409
391 420
391 421
391 460
405 405
405 420
405 460
405 407
405 410
409 409
409 420
409 421
409 460
409 410
420 420
420 421
420 460
421 421
421 460
460 460
37 37
37 38
37 39
37 40
37 41
37 47
37 63
37 78
37 103
37 108
37 112
37 117
37 130
37 138
37 144
37 145
37 152
37 198
37 211
37 216
37 220
37 224
37 232
37 234
37 235
37 245
37 246
37 251
37 256
37 265
37 266
37 267
37 291
37 295
37 299
37 307
37 309
37 310
37 320
37 321
37 326
37 331
37 340
37 341
37 342
37 393
37 394
37 413
37 422
37 428
37 465
37 474
37 476
37 480
37 482
37 484
37 488
37 490
37 91
37 88
37 89
37 90
38 38
38 40
38 41
38 47
38 63
38 78
38 108
38 112
38 138
38 144
38 145
38 152
38 198
38 211
38 216
38 220
38 224
38 232
38 235
38 245
38 246
38 256
38 266
38 267
38 291
38 295
38 299
38 307
38 310
38 320
38 321
38 331
38 341
38 342
38 393
38 394
38 428
38 465
38 474
38 476
38 480
38 488
38 42
38 43
38 45
38 46
38 87
38 91
38 104
38 109
38 113
38 162
38 169
38 171
38 183
38 189
38 196
38 199
38 206
38 210
38 242
38 247
38 257
38 271
38 283
38 288
38 317
38 322
38 332
38 346
38 358
38 363
38 396
38 397
38 414
38 442
38 445
38 448
38 449
38 462
38 471
38 473
38 481
38 485
38 486
38 88
38 89
38 90
39 39
39 41
39 47
39 63
39 78
39 103
39 108
39 112
39 117
39 130
39 138
39 144
39 145
39 152
39 216
39 220
39 224
39 232
39 234
39 251
39 265
39 266
39 291
39 295
39 299
39 307
39 309
39 326
39 340
39 341
39 393
39 413
39 422
39 428
39 474
39 476
39 480
39 482
39 484
39 490
39 101
39 102
39 140
39 233
39 264
39 308
39 339
39 463
39 470
39 475
39 259
39 334
40 106
40 40
40 41
40 47
40 63
40 78
40 103
40 108
40 112
40 138
40 144
40 145
40 152
40 198
40 211
40 216
40 220
40 224
40 232
40 235
40 245
40 246
40 256
40 266
40 267
40 291
40 295
40 299
40 307
40 310
40 320
40 321
40 331
40 341
40 342
40 393
40 394
40 428
40 465
40 474
40 476
40 480
40 488
40 42
40 43
40 45
40 46
40 87
40 91
40 104
40 109
40 162
40 169
40 171
40 183
40 189
40 199
40 206
40 210
40 242
40 247
40 257
40 271
40 283
40 288
40 317
40 322
40 332
40 346
40 358
40 363
40 396
40 397
40 414
40 442
40 445
40 448
40 449
40 462
40 471
40 473
40 481
40 485
40 105
41 41
41 47
41 63
41 78
41 103
41 108
41 112
41 117
41 130
41 138
41 144
41 145
41 152
41 198
41 211
41 216
41 220
41 224
41 232
41 234
41 235
41 245
41 246
41 251
41 256
41 265
41 266
41 267
41 291
41 295
41 299
41 307
41 309
41 310
41 320
41 321
41 326
41 331
41 340
41 341
41 342
41 393
41 394
41 413
41 422
41 428
41 465
41 474
41 476
41 480
41 484
41 488
41 490
41 42
41 43
41 45
41 87
41 91
41 104
41 109
41 162
41 183
41 189
41 199
41 206
41 210
41 396
41 414
41 448
41 471
41 473
41 485
47 47
47 63
47 78
47 103
47 108
47 112
47 130
47 138
47 144
47 145
47 152
47 198
47 211
47 216
47 220
47 224
47 232
47 234
47 235
47 245
47 246
47 251
47 256
47 265
47 266
47 267
47 291
47 295
47 299
47 307
47 309
47 310
47 320
47 321
47 326
47 331
47 340
47 341
47 342
47 393
47 394
47 413
47 422
47 428
47 465
47 474
47 476
47 480
47 488
47 490
47 87
47 91
47 104
47 109
47 162
47 183
47 189
47 199
47 206
47 210
47 396
47 414
47 442
47 448
47 471
47 473
47 485
47 110
63 63
63 78
63 103
63 108
63 112
63 130
63 138
63 144
63 145
63 152
63 198
63 211
63 216
63 220
63 224
63 232
63 234
63 235
63 245
63 246
63 251
63 256
63 265
63 266
63 267
63 291
63 295
63 299
63 307
63 309
63 310
63 320
63 321
63 326
63 331
63 340
63 341
63 342
63 393
63 394
63 413
63 422
63 428
63 465
63 474
63 476
63 480
63 488
63 490
63 87
63 91
63 104
63 109
63 162
63 183
63 189
63 199
63 206
63 210
63 396
63 414
63 442
63 448
63 471
63 473
63 485
78 78
78 103
78 108
78 112
78 130
78 138
78 144
78 145
78 152
78 198
78 211
78 216
78 220
78 224
78 232
78 234
78 235
78 245
78 246
78 251
78 256
78 265
78 266
78 267
78 291
78 295
78 299
78 307
78 309
78 310
78 320
78 321
78 326
78 331
78 340
78 341
78 342
78 393
78 394
78 413
78 422
78 428
78 465
78 474
78 476
78 480
78 488
78 490
78 87
78 91
78 104
78 109
78 162
78 183
78 189
78 199
78 206
78 210
78 396
78 414
78 442
78 448
78 471
78 473
78 485
103 106
103 103
103 108
103 112
103 117
103 130
103 138
103 144
103 145
103 152
103 198
103 216
103 220
103 224
103 232
103 234
103 235
103 246
103 251
103 265
103 266
103 267
103 291
103 295
103 299
103 307
103 309
103 310
103 321
103 326
103 340
103 341
103 342
103 393
103 413
103 422
103 428
103 465
103 474
103 476
103 480
103 482
103 484
103 488
103 490
103 104
103 463
103 475
103 105
108 108
108 112
108 117
108 130
108 138
108 144
108 145
108 152
108 198
108 211
108 216
108 220
108 224
108 232
108 234
108 235
108 245
108 246
108 251
108 256
108 265
108 266
108 267
108 291
108 295
108 299
108 307
108 309
108 310
108 320
108 321
108 326
108 331
108 340
108 341
108 342
108 393
108 394
108 413
108 422
108 428
108 465
108 474
108 476
108 480
108 484
108 488
108 490
108 109
108 162
108 183
108 189
108 199
108 206
108 210
108 396
108 414
108 448
108 471
108 473
108 485
112 112
112 130
112 138
112 144
112 145
112 152
112 198
112 211
112 216
112 220
112 224
112 232
112 234
112 235
112 245
112 246
112 251
112 256
112 265
112 266
112 267
112 291
112 295
112 299
112 307
112 309
112 310
112 320
112 321
112 326
112 331
112 340
112 341
112 342
112 393
112 394
112 413
112 422
112 428
112 465
112 474
112 476
112 480
112 488
112 490
112 113
112 162
112 183
112 189
112 199
112 206
112 210
112 396
112 414
112 442
112 448
112 471
112 473
112 485
117 117
117 130
117 138
117 144
117 145
117 152
117 216
117 220
117 224
117 232
117 234
117 251
117 265
117 266
117 291
117 295
117 299
117 307
117 309
117 326
117 340
117 341
117 393
117 413
117 422
117 428
117 474
117 476
117 482
117 484
117 490
117 140
117 233
117 264
117 308
117 339
117 463
117 470
117 475
130 130
130 138
130 144
130 145
130 152
130 216
130 220
130 224
130 232
130 234
130 251
130 265
130 266
130 291
130 295
130 299
130 307
130 309
130 326
130 340
130 341
130 393
130 413
130 422
130 428
130 474
130 476
130 482
130 484
130 490
130 140
130 233
130 264
130 308
130 339
130 463
130 470
130 475
138 138
138 144
138 145
138 152
138 198
138 211
138 216
138 220
138 224
138 232
138 234
138 235
138 245
138 246
138 251
138 256
138 265
138 266
138 267
138 291
138 295
138 299
138 307
138 309
138 310
138 320
138 321
138 326
138 331
138 340
138 341
138 342
138 393
138 394
138 413
138 422
138 428
138 465
138 474
138 476
138 480
138 482
138 484
138 488
138 490
144 144
144 145
144 152
144 198
144 211
144 216
144 220
144 224
144 232
144 234
144 235
144 245
144 246
144 251
144 256
144 265
144 266
144 267
144 291
144 295
144 299
144 307
144 309
144 310
144 320
144 321
144 326
144 331
144 340
144 341
144 342
144 393
144 394
144 413
144 422
144 428
144 465
144 474
144 476
144 480
144 482
144 484
144 488
144 490
145 145
145 152
145 198
145 211
145 216
145 220
145 224
145 232
145 234
145 235
145 245
145 246
145 251
145 256
145 265
145 266
145 267
145 291
145 295
145 299
145 307
145 309
145 310
145 320
145 321
145 326
145 331
145 340
145 341
145 342
145 393
145 394
145 413
145 422
145 428
145 465
145 474
145 476
145 480
145 482
145 484
145 488
145 490
152 152
152 198
152 211
152 216
152 220
152 224
152 232
152 234
152 235
152 245
152 246
152 251
152 256
152 265
152 266
152 267
152 291
152 295
152 299
152 307
152 309
152 310
152 320
152 321
152 326
152 331
152 340
152 341
152 342
152 393
152 394
152 413
152 422
152 428
152 465
152 474
152 476
152 480
152 482
152 484
152 488
152 490
152 369
198 198
198 211
198 216
198 220
198 224
198 232
198 235
198 245
198 246
198 256
198 266
198 267
198 291
198 295
198 299
198 307
198 310
198 320
198 321
198 331
198 341
198 342
198 393
198 394
198 428
198 465
198 474
198 476
198 480
198 488
198 199
198 206
198 210
198 242
198 247
198 257
198 271
198 283
198 288
198 317
198 322
198 332
198 346
198 358
198 363
198 396
198 397
198 414
198 442
198 445
198 448
198 449
198 462
198 471
198 473
198 481
198 485
211 211
211 216
211 220
211 224
211 232
211 235
211 245
211 246
211 256
211 266
211 267
211 291
211 295
211 299
211 307
211 310
211 320
211 321
211 331
211 341
211 342
211 393
211 394
211 428
211 465
211 474
211 476
211 480
211 488
211 242
211 247
211 257
211 271
211 283
211 288
211 317
211 322
211 332
211 346
211 358
211 363
211 396
211 397
211 414
211 442
211 445
211 448
211 449
211 462
211 471
211 473
211 481
211 485
211 486
216 216
216 220
216 224
216 232
216 234
216 235
216 245
216 246
216 251
216 256
216 265
216 266
216 267
216 291
216 295
216 299
216 307
216 309
216 310
216 320
216 321
216 326
216 331
216 340
216 341
216 342
216 393
216 394
216 413
216 422
216 428
216 465
216 474
216 476
216 480
216 482
216 484
216 488
216 490
220 220
220 224
220 232
220 234
220 235
220 245
220 246
220 251
220 256
220 265
220 266
220 267
220 291
220 295
220 299
220 307
220 309
220 310
220 320
220 321
220 326
220 331
220 340
220 341
220 342
220 393
220 394
220 413
220 422
220 428
220 465
220 474
220 476
220 480
220 482
220 484
220 488
220 490
220 293
220 294
224 298
224 224
224 232
224 234
224 235
224 245
224 246
224 251
224 256
224 265
224 266
224 267
224 291
224 295
224 299
224 307
224 309
224 310
224 320
224 321
224 326
224 331
224 340
224 341
224 342
224 393
224 394
224 413
224 422
224 428
224 465
224 474
224 476
224 480
224 482
224 484
224 488
224 490
232 232
232 234
232 235
232 245
232 246
232 251
232 256
232 265
232 266
232 267
232 291
232 295
232 299
232 307
232 309
232 310
232 320
232 321
232 326
232 331
232 340
232 341
232 342
232 393
232 394
232 413
232 422
232 428
232 465
232 474
232 476
232 480
232 482
232 484
232 488
232 490
234 234
234 235
234 251
234 265
234 266
234 291
234 295
234 299
234 307
234 309
234 310
234 326
234 340
234 341
234 393
234 413
234 422
234 428
234 474
234 476
234 480
234 482
234 484
234 490
234 236
234 311
234 264
234 308
234 339
234 463
234 470
234 475
235 235
235 245
235 246
235 256
235 266
235 267
235 291
235 295
235 299
235 307
235 309
235 310
235 320
235 321
235 331
235 341
235 342
235 393
235 394
235 428
235 465
235 474
235 476
235 480
235 488
235 490
235 242
235 247
235 257
235 271
235 283
235 288
235 317
235 322
235 332
235 346
235 358
235 363
235 396
235 397
235 414
235 442
235 445
235 448
235 449
235 462
235 471
235 473
235 481
235 485
235 236
235 311
235 308
245 245
245 246
245 256
245 266
245 267
245 291
245 295
245 299
245 307
245 310
245 320
245 321
245 331
245 341
245 342
245 393
245 394
245 428
245 465
245 474
245 476
245 480
245 488
245 247
245 257
245 271
245 283
245 288
245 317
245 322
245 332
245 346
245 358
245 363
245 396
245 397
245 414
245 442
245 445
245 448
245 449
245 462
245 471
245 473
245 481
245 485
245 486
246 246
246 256
246 266
246 267
246 291
246 295
246 299
246 307
246 310
246 320
246 321
246 331
246 341
246 342
246 393
246 394
246 428
246 465
246 474
246 476
246 480
246 488
246 247
246 257
246 271
246 283
246 288
246 317
246 322
246 332
246 346
246 358
246 363
246 396
246 397
246 414
246 442
246 445
246 448
246 449
246 462
246 471
246 473
246 481
246 485
251 251
251 265
251 266
251 291
251 295
251 299
251 307
251 309
251 326
251 340
251 341
251 393
251 413
251 422
251 428
251 474
251 476
251 482
251 484
251 490
251 264
251 308
251 339
251 463
251 470
251 475
251 325
256 256
256 266
256 267
256 291
256 295
256 299
256 307
256 310
256 320
256 321
256 331
256 341
256 342
256 393
256 394
256 428
256 465
256 474
256 476
256 480
256 488
256 257
256 271
256 283
256 288
256 317
256 322
256 332
256 346
256 358
256 363
256 396
256 397
256 414
256 442
256 445
256 448
256 449
256 462
256 471
256 473
256 481
256 485
256 330
265 265
265 266
265 291
265 295
265 299
265 307
265 309
265 326
265 340
265 341
265 393
265 413
265 422
265 428
265 474
265 476
265 480
265 482
265 484
265 490
265 308
265 339
265 463
265 470
265 475
266 266
266 267
266 291
266 295
266 299
266 307
266 309
266 310
266 320
266 321
266 326
266 331
266 340
266 341
266 342
266 393
266 394
266 413
266 422
266 428
266 465
266 474
266 476
266 480
266 482
266 484
266 488
266 490
267 267
267 291
267 295
267 299
267 307
267 310
267 320
267 321
267 331
267 341
267 342
267 393
267 394
267 428
267 465
267 474
267 476
267 480
267 488
267 271
267 283
267 288
267 317
267 322
267 332
267 346
267 358
267 363
267 396
267 397
267 414
267 442
267 445
267 448
267 449
267 462
267 471
267 473
267 481
267 485
291 291
291 295
291 299
291 307
291 309
291 310
291 320
291 321
291 326
291 331
291 340
291 341
291 342
291 393
291 394
291 413
291 422
291 428
291 465
291 474
291 476
291 480
291 482
291 484
291 488
291 490
295 295
295 299
295 307
295 309
295 310
295 320
295 321
295 326
295 331
295 340
295 341
295 342
295 393
295 394
295 413
295 422
295 428
295 465
295 474
295 476
295 480
295 482
295 484
295 488
295 490
299 299
299 307
299 309
299 310
299 320
299 321
299 326
299 331
299 340
299 341
299 342
299 393
299 394
299 413
299 422
299 428
299 465
299 474
299 476
299 480
299 482
299 484
299 488
299 490
307 307
307 309
307 310
307 320
307 321
307 326
307 331
307 340
307 341
307 342
307 393
307 394
307 413
307 422
307 428
307 465
307 474
307 476
307 480
307 482
307 484
307 488
307 490
309 309
309 310
309 326
309 340
309 341
309 393
309 413
309 422
309 428
309 474
309 476
309 480
309 482
309 484
309 490
309 311
309 339
309 463
309 470
309 475
310 310
310 320
310 321
310 331
310 341
310 342
310 393
310 394
310 428
310 465
310 474
310 476
310 480
310 488
310 490
310 317
310 322
310 332
310 346
310 358
310 363
310 396
310 397
310 414
310 442
310 445
310 448
310 449
310 462
310 471
310 473
310 481
310 485
310 311
320 320
320 321
320 331
320 341
320 342
320 393
320 394
320 428
320 465
320 474
320 476
320 480
320 488
320 322
320 332
320 346
320 358
320 363
320 396
320 397
320 414
320 442
320 445
320 448
320 449
320 462
320 471
320 473
320 481
320 485
320 486
321 321
321 331
321 341
321 342
321 393
321 394
321 428
321 465
321 474
321 476
321 480
321 488
321 322
321 332
321 346
321 358
321 363
321 396
321 397
321 414
321 442
321 445
321 448
321 449
321 462
321 471
321 473
321 481
321 485
326 326
326 340
326 341
326 393
326 413
326 422
326 428
326 474
326 476
326 482
326 484
326 490
326 339
326 463
326 470
326 475
331 331
331 341
331 342
331 393
331 394
331 428
331 465
331 474
331 476
331 480
331 488
331 332
331 346
331 358
331 363
331 396
331 397
331 414
331 442
331 445
331 448
331 449
331 462
331 471
331 473
331 481
331 485
340 340
340 341
340 393
340 413
340 422
340 428
340 474
340 476
340 480
340 482
340 484
340 490
340 463
340 470
340 475
341 341
341 342
341 393
341 394
341 413
341 422
341 428
341 465
341 474
341 476
341 480
341 482
341 484
341 488
341 490
342 342
342 393
342 394
342 428
342 465
342 474
342 476
342 480
342 488
342 346
342 358
342 363
342 396
342 397
342 414
342 442
342 445
342 448
342 449
342 462
342 471
342 473
342 481
342 485
393 393
393 394
393 413
393 422
393 428
393 465
393 474
393 476
393 480
393 484
393 488
393 490
393 396
393 473
394 394
394 428
394 465
394 476
394 480
394 488
394 396
394 397
394 414
394 442
394 445
394 448
394 449
394 462
394 471
394 473
394 481
394 485
394 486
394 439
413 413
413 422
413 428
413 474
413 476
413 480
413 482
413 484
413 490
413 463
413 470
413 475
422 422
422 428
422 474
422 476
422 480
422 482
422 484
422 490
422 463
422 470
422 475
428 428
428 465
428 474
428 476
428 480
428 484
428 488
428 490
428 473
428 485
465 465
465 474
465 476
465 480
465 488
465 490
465 471
465 473
465 481
465 485
474 474
474 476
474 480
474 482
474 484
474 488
474 490
474 475
476 476
476 480
476 484
476 488
476 490
480 480
480 488
480 490
480 485
482 482
482 484
482 490
484 484
484 490
488 488
490 490
2 2
2 4
2 17
2 30
2 33
2 34
2 79
2 125
2 131
2 146
2 148
2 151
2 154
2 156
2 177
2 188
2 371
2 389
2 390
2 398
2 418
2 425
2 430
2 437
2 453
2 458
2 115
2 119
2 123
4 4
4 17
4 30
4 33
4 34
4 79
4 125
4 131
4 146
4 148
4 151
4 154
4 156
4 177
4 188
4 371
4 389
4 390
4 398
4 418
4 425
4 430
4 437
4 453
4 458
4 119
4 123
17 17
17 30
17 33
17 34
17 79
17 125
17 131
17 146
17 148
17 151
17 154
17 156
17 177
17 188
17 371
17 389
17 390
17 398
17 418
17 425
17 430
17 437
17 453
17 458
17 119
17 123
30 30
30 33
30 34
30 79
30 125
30 131
30 146
30 148
30 151
30 154
30 156
30 177
30 188
30 371
30 389
30 390
30 398
30 418
30 425
30 430
30 437
30 453
30 458
30 119
30 123
33 33
33 34
33 79
33 125
33 131
33 146
33 148
33 151
33 154
33 371
33 389
33 390
33 398
33 418
33 425
33 453
33 50
33 54
33 60
33 70
33 71
33 83
33 119
33 123
33 155
33 230
33 305
33 451
34 34
34 131
34 156
34 177
34 188
34 390
34 430
34 437
34 458
34 167
34 168
34 172
34 178
34 179
34 187
34 433
34 435
79 79
79 125
79 131
79 146
79 148
79 151
79 154
79 371
79 389
79 390
79 398
79 418
79 425
79 453
79 83
79 119
79 123
79 155
79 230
79 305
79 451
125 125
125 131
125 146
125 148
125 151
125 154
125 371
125 389
125 390
125 398
125 418
125 425
125 453
125 132
125 368
125 157
125 155
125 230
125 305
125 451
131 131
131 146
131 148
131 151
131 154
131 156
131 177
131 188
131 371
131 389
131 390
131 398
131 418
131 425
131 453
131 458
131 230
131 305
146 160
146 146
146 148
146 151
146 154
146 156
146 177
146 188
146 371
146 389
146 390
146 398
146 418
146 425
146 453
146 429
146 155
146 230
146 305
146 451
148 148
148 151
148 154
148 156
148 177
148 188
148 371
148 389
148 390
148 398
148 418
148 425
148 453
148 155
148 230
148 305
148 451
151 151
151 154
151 156
151 177
151 188
151 371
151 389
151 390
151 398
151 418
151 425
151 453
151 155
151 230
151 305
151 451
154 154
154 156
154 177
154 188
154 371
154 389
154 390
154 398
154 418
154 425
154 453
154 155
154 230
154 305
154 451
156 156
156 177
156 188
156 389
156 390
156 398
156 425
156 430
156 437
156 453
156 458
156 168
156 172
156 433
156 435
177 180
177 177
177 188
177 389
177 390
177 398
177 425
177 430
177 437
177 453
177 458
177 178
177 179
177 433
177 435
188 188
188 389
188 390
188 398
188 425
188 430
188 437
188 453
188 458
188 433
188 435
371 371
371 389
371 390
371 398
371 418
371 425
371 453
371 451
389 389
389 390
389 398
389 418
389 425
389 453
389 451
390 390
390 398
390 418
390 425
390 430
390 437
390 453
390 458
398 398
398 418
398 425
398 453
398 451
418 418
418 425
418 453
418 451
425 425
425 453
430 430
430 437
430 458
430 433
430 435
437 437
437 458
453 453
458 458
3 4
3 3
3 9
3 14
3 22
3 48
3 66
3 121
3 385
3 21
3 25
3 64
3 403
3 23
3 31
3 65
9 9
9 14
9 22
9 48
9 66
9 121
9 385
9 10
9 15
9 18
9 23
9 26
9 31
9 65
9 381
14 17
14 14
14 22
14 48
14 66
14 121
14 385
14 21
14 25
14 64
14 403
14 15
14 16
14 23
14 31
14 65
22 22
22 48
22 66
22 121
22 385
22 25
22 64
22 403
22 23
22 31
22 65
22 372
22 153
48 51
48 48
48 66
48 121
48 385
48 64
48 403
48 65
48 49
48 50
66 152
66 66
66 121
66 385
66 403
66 67
66 369
66 68
121 216
121 291
121 121
121 385
121 122
121 126
121 133
121 381
121 123
385 385
385 403
0 2
0 0
0 5
0 13
0 21
0 24
0 25
0 57
0 64
0 386
0 400
0 401
0 403
0 459
0 1
0 115
5 5
5 13
5 21
5 24
5 25
5 57
5 64
5 386
5 400
5 401
5 403
5 459
5 6
5 7
5 8
13 13
13 21
13 24
13 25
13 57
13 64
13 386
13 400
13 401
13 403
13 459
21 185
21 371
21 22
21 48
21 66
21 385
21 21
21 25
21 64
21 386
21 400
21 403
21 459
21 186
24 24
24 25
24 57
24 386
24 401
24 26
24 52
24 58
24 72
25 48
25 66
25 385
25 25
25 64
25 386
25 400
25 403
25 459
25 26
57 57
57 386
57 400
57 401
57 459
57 58
57 72
64 66
64 385
64 64
64 386
64 400
64 403
64 459
64 65
64 174
64 150
386 386
386 400
386 401
386 403
386 459
400 400
400 403
400 459
401 401
403 403
403 459
459 459
1 2
1 1
1 6
1 7
1 8
1 10
1 11
1 12
1 15
1 16
1 18
1 19
1 23
1 26
1 27
1 29
1 31
1 32
1 53
1 65
1 67
1 69
1 73
1 82
1 84
1 118
1 122
1 126
1 133
1 141
1 143
1 147
1 149
1 159
1 231
1 306
1 372
1 381
1 382
1 384
1 387
1 388
1 423
1 424
1 115
6 9
6 121
6 6
6 7
6 8
6 10
6 11
6 15
6 18
6 19
6 23
6 26
6 27
6 31
6 65
6 73
6 118
6 126
6 133
6 381
6 382
6 384
6 388
7 7
7 8
7 10
7 11
7 12
7 15
7 16
7 18
7 19
7 23
7 26
7 27
7 29
7 31
7 32
7 53
7 65
7 67
7 69
7 73
7 82
7 84
7 118
7 122
7 126
7 133
7 141
7 143
7 147
7 149
7 159
7 231
7 306
7 372
7 381
7 382
7 384
7 387
7 388
7 423
7 424
8 8
8 10
8 11
8 12
8 16
8 19
8 27
8 29
8 32
8 53
8 67
8 69
8 82
8 84
8 122
8 141
8 143
8 147
8 149
8 159
8 231
8 306
8 372
8 382
8 384
8 387
8 388
8 423
8 424
8 20
8 28
8 49
8 59
8 74
8 80
8 81
8 367
8 368
8 369
8 370
8 373
8 376
8 383
8 419
8 494
8 495
8 496
10 10
10 11
10 12
10 15
10 16
10 18
10 19
10 23
10 26
10 27
10 29
10 31
10 32
10 53
10 65
10 67
10 69
10 73
10 82
10 84
10 118
10 122
10 126
10 133
10 141
10 143
10 147
10 149
10 159
10 231
10 306
10 372
10 381
10 382
10 384
10 387
10 388
10 423
10 424
10 20
11 11
11 12
11 15
11 16
11 18
11 19
11 26
11 27
11 29
11 32
11 53
11 67
11 69
11 73
11 82
11 84
11 118
11 122
11 126
11 133
11 141
11 143
11 147
11 149
11 159
11 231
11 306
11 372
11 381
11 382
11 384
11 387
11 388
11 423
11 424
11 20
11 74
12 12
12 16
12 19
12 27
12 29
12 32
12 53
12 67
12 69
12 82
12 84
12 122
12 141
12 143
12 147
12 149
12 159
12 231
12 306
12 372
12 382
12 384
12 387
12 388
12 423
12 424
12 20
12 28
12 49
12 59
12 74
12 80
12 81
12 367
12 368
12 369
12 370
12 373
12 376
12 383
12 419
12 494
12 495
12 496
15 17
15 121
15 15
15 16
15 18
15 19
15 23
15 26
15 27
15 31
15 65
15 73
15 118
15 126
15 133
15 381
15 382
15 384
15 388
16 17
16 16
16 19
16 29
16 32
16 53
16 67
16 69
16 82
16 84
16 122
16 141
16 143
16 147
16 149
16 159
16 231
16 306
16 372
16 382
16 384
16 387
16 388
16 423
16 424
16 20
16 28
16 49
16 59
16 74
16 80
16 81
16 132
16 367
16 368
16 369
16 370
16 373
16 376
16 383
16 419
16 494
16 495
16 496
18 121
18 18
18 19
18 23
18 26
18 27
18 31
18 53
18 65
18 67
18 73
18 84
18 118
18 126
18 133
18 381
18 382
18 384
18 388
19 19
19 26
19 27
19 29
19 31
19 32
19 53
19 67
19 69
19 73
19 82
19 84
19 118
19 122
19 126
19 133
19 141
19 143
19 147
19 149
19 159
19 231
19 306
19 372
19 381
19 382
19 384
19 387
19 388
19 423
19 424
19 20
23 48
23 66
23 121
23 385
23 23
23 26
23 27
23 31
23 65
23 73
23 118
23 126
23 133
23 372
23 381
23 388
23 153
26 121
26 26
26 27
26 31
26 65
26 73
26 118
26 126
26 133
26 381
26 382
26 384
26 388
27 27
27 29
27 31
27 32
27 53
27 65
27 67
27 69
27 73
27 82
27 84
27 118
27 122
27 126
27 133
27 147
27 149
27 231
27 306
27 372
27 381
27 382
27 384
27 387
27 388
29 30
29 29
29 32
29 53
29 67
29 69
29 82
29 84
29 122
29 141
29 143
29 147
29 149
29 159
29 231
29 306
29 372
29 382
29 384
29 387
29 388
29 423
29 424
29 49
29 59
29 74
29 80
29 81
29 367
29 368
29 369
29 370
29 373
29 376
29 383
29 419
29 494
29 495
29 496
31 48
31 66
31 121
31 385
31 31
31 32
31 65
31 73
31 118
31 126
31 133
31 381
31 382
31 384
31 388
31 74
31 72
31 75
32 32
32 53
32 67
32 69
32 73
32 82
32 84
32 122
32 141
32 143
32 147
32 149
32 159
32 231
32 306
32 372
32 382
32 384
32 387
32 388
32 423
32 424
32 49
32 59
32 74
32 80
32 81
32 367
32 368
32 369
32 370
32 373
32 376
32 383
32 419
32 494
32 495
32 496
32 72
32 75
53 53
53 67
53 69
53 73
53 82
53 84
53 118
53 122
53 126
53 133
53 141
53 143
53 147
53 149
53 159
53 231
53 306
53 372
53 382
53 384
53 387
53 388
53 423
53 424
53 74
53 80
53 367
53 370
53 419
53 494
53 54
53 55
65 66
65 121
65 385
65 65
65 73
65 118
65 126
65 133
65 381
65 388
65 174
65 150
67 152
67 67
67 69
67 73
67 82
67 84
67 118
67 122
67 126
67 133
67 141
67 143
67 147
67 149
67 159
67 231
67 306
67 372
67 382
67 384
67 387
67 388
67 423
67 424
67 74
67 80
67 367
67 369
67 370
67 419
67 494
67 68
69 69
69 82
69 84
69 122
69 141
69 143
69 147
69 149
69 159
69 231
69 306
69 372
69 382
69 384
69 387
69 388
69 423
69 424
69 74
69 80
69 81
69 367
69 368
69 369
69 370
69 373
69 376
69 383
69 419
69 494
69 495
69 496
69 70
69 71
73 121
73 73
73 82
73 84
73 118
73 126
73 133
73 231
73 306
73 381
73 382
73 384
73 388
73 74
73 75
82 82
82 84
82 118
82 122
82 126
82 133
82 141
82 143
82 147
82 149
82 159
82 231
82 306
82 372
82 382
82 384
82 387
82 388
82 423
82 424
82 367
82 370
82 419
82 494
82 496
82 230
82 305
84 84
84 118
84 122
84 126
84 133
84 141
84 143
84 147
84 149
84 159
84 231
84 306
84 372
84 382
84 384
84 387
84 388
84 423
84 424
84 367
84 370
84 419
84 494
84 87
84 85
84 86
118 121
118 118
118 126
118 133
118 231
118 306
118 381
118 382
118 384
118 388
118 119
122 216
122 291
122 122
122 141
122 143
122 147
122 149
122 159
122 231
122 306
122 372
122 382
122 384
122 387
122 388
122 423
122 424
122 367
122 368
122 369
122 370
122 373
122 376
122 383
122 419
122 494
122 495
122 496
122 123
126 126
126 133
126 231
126 306
126 381
126 382
126 384
126 388
133 133
133 231
133 306
133 381
133 382
133 384
133 388
141 141
141 143
141 147
141 149
141 159
141 231
141 306
141 372
141 382
141 384
141 387
141 388
141 423
141 424
141 367
141 368
141 369
141 370
141 373
141 376
141 383
141 419
141 494
141 495
141 496
143 144
143 143
143 147
143 149
143 159
143 231
143 306
143 372
143 382
143 384
143 387
143 388
143 423
143 424
143 367
143 368
143 369
143 370
143 373
143 376
143 383
143 419
143 494
143 495
143 496
147 147
147 149
147 159
147 231
147 306
147 372
147 382
147 384
147 387
147 388
147 423
147 424
147 367
147 368
147 369
147 370
147 373
147 376
147 383
147 419
147 494
147 495
147 496
147 166
149 149
149 159
149 231
149 306
149 372
149 382
149 384
149 387
149 388
149 423
149 424
149 367
149 368
149 369
149 370
149 373
149 376
149 383
149 419
149 494
149 495
149 496
159 159
159 231
159 306
159 372
159 382
159 384
159 387
159 388
159 423
159 424
159 367
159 368
159 369
159 370
159 373
159 376
159 383
159 419
159 494
159 495
159 496
231 231
231 306
231 372
231 382
231 384
231 387
231 388
231 423
231 424
231 367
231 370
231 419
231 494
306 306
306 372
306 382
306 384
306 387
306 388
306 423
306 424
306 367
306 370
306 419
306 494
372 372
372 382
372 384
372 387
372 388
372 423
372 424
372 373
372 376
372 383
372 419
372 494
372 495
372 496
381 381
381 382
381 384
381 388
382 382
382 384
382 387
382 388
382 423
382 424
384 384
384 387
384 388
384 423
384 424
387 387
387 388
387 423
387 424
387 419
387 494
387 495
387 496
388 388
388 423
388 424
423 423
423 424
423 494
423 495
423 496
424 424
424 494
424 495
424 496
20 29
20 32
20 53
20 67
20 69
20 82
20 84
20 122
20 141
20 143
20 147
20 149
20 159
20 231
20 306
20 372
20 382
20 384
20 387
20 423
20 424
20 20
20 28
20 49
20 59
20 74
20 80
20 81
20 132
20 367
20 368
20 369
20 370
20 373
20 376
20 383
20 419
20 494
20 495
20 496
28 29
28 32
28 69
28 122
28 141
28 143
28 147
28 149
28 159
28 372
28 387
28 423
28 424
28 28
28 49
28 59
28 74
28 80
28 81
28 132
28 367
28 368
28 369
28 370
28 373
28 376
28 383
28 419
28 494
28 495
28 496
28 50
28 54
28 60
28 70
28 71
28 83
28 155
28 230
28 305
28 451
49 51
49 69
49 82
49 122
49 141
49 143
49 147
49 149
49 159
49 231
49 306
49 372
49 387
49 423
49 424
49 49
49 59
49 74
49 80
49 81
49 132
49 367
49 368
49 369
49 370
49 373
49 376
49 383
49 419
49 494
49 495
49 496
49 50
49 54
49 60
49 70
49 71
49 155
49 451
59 69
59 82
59 122
59 141
59 143
59 147
59 149
59 159
59 372
59 387
59 423
59 424
59 59
59 74
59 80
59 81
59 132
59 367
59 368
59 369
59 370
59 373
59 376
59 383
59 419
59 494
59 495
59 496
59 60
59 70
59 71
59 155
59 451
74 82
74 84
74 122
74 141
74 143
74 147
74 149
74 159
74 231
74 306
74 372
74 387
74 423
74 424
74 74
74 80
74 81
74 132
74 367
74 368
74 369
74 370
74 373
74 376
74 383
74 419
74 494
74 495
74 496
74 451
74 75
80 82
80 84
80 122
80 141
80 143
80 147
80 149
80 159
80 231
80 306
80 372
80 387
80 423
80 424
80 80
80 81
80 132
80 367
80 368
80 369
80 370
80 373
80 376
80 383
80 419
80 494
80 495
80 496
80 451
81 122
81 141
81 143
81 147
81 149
81 159
81 372
81 387
81 423
81 424
81 81
81 132
81 367
81 368
81 369
81 370
81 373
81 376
81 383
81 419
81 494
81 495
81 496
81 83
81 155
81 230
81 305
81 451
132 371
132 418
132 141
132 143
132 147
132 149
132 159
132 423
132 424
132 132
132 367
132 368
132 369
132 370
132 373
132 376
132 383
132 419
132 494
132 495
132 496
132 155
132 230
132 305
132 451
367 372
367 387
367 423
367 424
367 367
367 368
367 369
367 370
367 373
367 376
367 383
367 419
367 494
367 495
367 496
367 451
368 371
368 418
368 372
368 387
368 423
368 424
368 368
368 369
368 370
368 373
368 376
368 383
368 419
368 494
368 495
368 496
368 451
369 372
369 387
369 423
369 424
369 369
369 370
369 373
369 376
369 383
369 419
369 494
369 495
369 496
369 451
370 372
370 387
370 423
370 424
370 370
370 373
370 376
370 383
370 419
370 494
370 495
370 496
370 451
373 387
373 423
373 424
373 373
373 376
373 383
373 419
373 494
373 495
373 496
373 451
376 377
376 387
376 423
376 424
376 376
376 383
376 419
376 494
376 495
376 496
376 451
383 387
383 423
383 424
383 383
383 419
383 494
383 495
383 496
383 451
419 423
419 424
419 419
419 494
419 495
419 496
419 451
494 494
494 495
494 496
495 495
495 496
496 496
100 217
100 292
100 100
100 101
100 115
100 116
100 127
100 129
100 139
100 161
100 166
100 170
100 174
100 176
100 184
100 186
100 213
100 218
100 222
100 238
100 272
100 293
100 297
100 313
100 347
100 402
100 417
100 429
100 434
100 436
100 450
100 456
101 217
101 292
101 101
101 115
101 116
101 127
101 129
101 139
101 161
101 166
101 170
101 174
101 176
101 184
101 186
101 213
101 218
101 222
101 238
101 272
101 293
101 297
101 313
101 347
101 402
101 417
101 429
101 434
101 436
101 450
101 456
101 102
101 259
101 334
115 128
115 160
115 180
115 215
115 217
115 225
115 252
115 292
115 300
115 327
115 432
115 115
115 116
115 127
115 129
115 139
115 161
115 166
115 170
115 174
115 176
115 184
115 186
115 213
115 218
115 222
115 238
115 272
115 293
115 297
115 313
115 347
115 402
115 417
115 429
115 434
115 436
115 450
115 456
116 128
116 160
116 180
116 215
116 217
116 225
116 252
116 292
116 300
116 327
116 432
116 117
116 116
116 127
116 129
116 139
116 161
116 166
116 170
116 174
116 176
116 184
116 186
116 213
116 218
116 222
116 238
116 272
116 293
116 297
116 313
116 347
116 402
116 417
116 429
116 434
116 436
116 456
127 128
127 160
127 180
127 215
127 217
127 225
127 252
127 292
127 300
127 327
127 432
127 373
127 127
127 129
127 139
127 161
127 166
127 170
127 174
127 176
127 184
127 186
127 213
127 218
127 222
127 238
127 272
127 293
127 297
127 313
127 347
127 402
127 417
127 429
127 434
127 436
127 456
129 129
129 139
129 161
129 166
129 170
129 174
129 176
129 184
129 186
129 213
129 218
129 222
129 238
129 272
129 293
129 297
129 313
129 347
129 402
129 417
129 429
129 434
129 436
129 450
129 456
139 160
139 180
139 215
139 217
139 225
139 252
139 292
139 300
139 327
139 432
139 139
139 161
139 166
139 170
139 174
139 176
139 184
139 186
139 213
139 218
139 222
139 238
139 272
139 293
139 297
139 313
139 347
139 402
139 417
139 429
139 434
139 436
139 456
139 140
161 165
161 180
161 185
161 215
161 217
161 225
161 252
161 292
161 300
161 327
161 432
161 161
161 166
161 170
161 174
161 176
161 184
161 186
161 213
161 218
161 222
161 238
161 272
161 293
161 297
161 313
161 347
161 417
161 429
161 434
161 436
161 456
161 162
161 163
161 164
166 368
166 166
166 170
166 174
166 176
166 184
166 186
166 213
166 218
166 222
166 238
166 272
166 293
166 297
166 313
166 347
166 402
166 417
166 429
166 434
166 436
166 450
166 456
170 180
170 185
170 215
170 217
170 225
170 252
170 292
170 300
170 327
170 432
170 170
170 174
170 176
170 184
170 186
170 213
170 218
170 222
170 238
170 272
170 293
170 297
170 313
170 347
170 417
170 429
170 434
170 436
170 456
174 174
174 176
174 184
174 186
174 213
174 218
174 222
174 238
174 272
174 293
174 297
174 313
174 347
174 402
174 417
174 429
174 434
174 436
174 450
174 456
176 180
176 185
176 215
176 217
176 225
176 252
176 292
176 300
176 327
176 432
176 176
176 184
176 186
176 213
176 218
176 222
176 238
176 272
176 293
176 297
176 313
176 347
176 417
176 429
176 434
176 436
176 456
184 185
184 215
184 217
184 225
184 252
184 292
184 300
184 327
184 432
184 184
184 186
184 213
184 218
184 222
184 238
184 272
184 293
184 297
184 313
184 347
184 402
184 417
184 429
184 434
184 436
184 456
186 217
186 292
186 371
186 186
186 213
186 218
186 222
186 238
186 272
186 293
186 297
186 313
186 347
186 402
186 417
186 429
186 434
186 436
186 450
186 456
213 215
213 217
213 225
213 252
213 292
213 300
213 327
213 432
213 213
213 218
213 222
213 238
213 272
213 293
213 297
213 313
213 347
213 417
213 429
213 434
213 436
213 456
218 225
218 252
218 292
218 300
218 327
218 220
218 295
218 218
218 222
218 238
218 272
218 293
218 297
218 313
218 347
218 402
218 417
218 429
218 434
218 436
218 450
218 456
218 219
218 294
222 225
222 252
222 292
222 300
222 327
222 222
222 238
222 272
222 293
222 297
222 313
222 347
222 402
222 417
222 429
222 434
222 436
222 450
222 456
238 239
238 314
238 292
238 238
238 272
238 293
238 297
238 313
238 347
238 402
238 417
238 429
238 434
238 436
238 450
238 456
238 240
238 315
272 292
272 272
272 293
272 297
272 313
272 347
272 402
272 417
272 429
272 434
272 436
272 450
272 456
293 300
293 327
293 295
293 293
293 297
293 313
293 347
293 402
293 417
293 429
293 434
293 436
293 450
293 456
293 294
297 300
297 327
297 297
297 313
297 347
297 402
297 417
297 429
297 434
297 436
297 450
297 456
313 314
313 313
313 347
313 402
313 417
313 429
313 434
313 436
313 450
313 456
313 315
347 347
347 402
347 417
347 429
347 434
347 436
347 450
347 456
402 402
402 417
402 450
402 456
402 452
402 457
417 432
417 417
417 429
417 434
417 436
417 450
417 456
429 432
429 438
429 429
429 434
429 436
429 456
434 438
434 434
434 436
434 456
436 438
436 495
436 436
436 456
450 450
450 456
450 452
450 457
456 456
142 144
142 143
142 142
142 150
142 153
142 157
142 426
150 174
150 150
150 153
150 157
150 426
153 372
153 153
153 157
153 426
157 157
157 426
426 426
52 57
52 401
52 53
52 52
52 56
52 58
52 72
52 54
52 55
56 56
56 58
56 72
58 401
58 59
58 58
58 72
58 60
72 401
72 73
72 74
72 72
72 75
42 198
42 211
42 235
42 245
42 246
42 256
42 267
42 310
42 320
42 321
42 331
42 342
42 394
42 465
42 488
42 42
42 43
42 45
42 46
42 87
42 91
42 104
42 109
42 113
42 162
42 169
42 171
42 183
42 189
42 196
42 199
42 206
42 210
42 242
42 247
42 257
42 271
42 283
42 288
42 317
42 322
42 332
42 346
42 358
42 363
42 396
42 397
42 414
42 442
42 445
42 448
42 449
42 462
42 471
42 473
42 481
42 485
42 486
42 207
42 212
42 243
42 254
42 318
42 329
42 472
42 491
43 192
43 47
43 63
43 78
43 108
43 112
43 198
43 211
43 235
43 245
43 246
43 256
43 267
43 310
43 320
43 321
43 331
43 342
43 393
43 394
43 428
43 465
43 476
43 480
43 488
43 43
43 45
43 46
43 87
43 91
43 104
43 109
43 113
43 162
43 169
43 171
43 183
43 189
43 196
43 199
43 206
43 210
43 242
43 247
43 257
43 271
43 283
43 288
43 317
43 322
43 332
43 346
43 358
43 363
43 396
43 397
43 414
43 442
43 445
43 448
43 449
43 462
43 471
43 473
43 481
43 485
43 486
43 191
43 472
45 47
45 63
45 78
45 108
45 112
45 198
45 211
45 235
45 245
45 246
45 256
45 267
45 310
45 320
45 321
45 331
45 342
45 393
45 394
45 428
45 465
45 476
45 480
45 488
45 45
45 46
45 87
45 91
45 104
45 109
45 113
45 162
45 169
45 171
45 183
45 189
45 196
45 199
45 206
45 210
45 242
45 247
45 257
45 271
45 283
45 288
45 317
45 322
45 332
45 346
45 358
45 363
45 396
45 397
45 414
45 442
45 445
45 448
45 449
45 462
45 471
45 473
45 481
45 485
45 486
45 472
46 198
46 211
46 235
46 245
46 246
46 256
46 267
46 310
46 320
46 321
46 331
46 342
46 394
46 465
46 488
46 46
46 87
46 91
46 104
46 109
46 113
46 162
46 169
46 171
46 183
46 189
46 196
46 199
46 206
46 210
46 242
46 247
46 257
46 271
46 283
46 288
46 317
46 322
46 332
46 346
46 358
46 363
46 396
46 397
46 414
46 442
46 445
46 448
46 449
46 462
46 471
46 473
46 481
46 485
46 486
46 207
46 212
46 243
46 254
46 318
46 329
46 472
46 491
87 108
87 112
87 198
87 211
87 235
87 245
87 246
87 256
87 267
87 310
87 320
87 321
87 331
87 342
87 394
87 465
87 480
87 488
87 87
87 91
87 104
87 109
87 113
87 162
87 169
87 171
87 183
87 189
87 196
87 199
87 206
87 210
87 242
87 247
87 257
87 271
87 283
87 288
87 317
87 322
87 332
87 346
87 358
87 363
87 396
87 397
87 414
87 442
87 445
87 448
87 449
87 462
87 471
87 473
87 481
87 485
87 486
87 207
87 212
87 243
87 254
87 318
87 329
87 472
87 491
91 108
91 112
91 198
91 211
91 235
91 245
91 246
91 256
91 267
91 310
91 320
91 321
91 331
91 342
91 394
91 465
91 480
91 488
91 91
91 104
91 109
91 113
91 162
91 169
91 171
91 183
91 189
91 196
91 199
91 206
91 210
91 242
91 247
91 257
91 271
91 283
91 288
91 317
91 322
91 332
91 346
91 358
91 363
91 396
91 397
91 414
91 442
91 445
91 448
91 449
91 462
91 471
91 473
91 481
91 485
91 486
91 207
91 212
91 243
91 254
91 318
91 329
91 472
91 491
104 106
104 108
104 112
104 198
104 211
104 235
104 245
104 246
104 256
104 267
104 310
104 320
104 321
104 331
104 342
104 393
104 394
104 428
104 465
104 476
104 480
104 488
104 104
104 109
104 113
104 162
104 169
104 171
104 183
104 189
104 196
104 199
104 206
104 210
104 242
104 247
104 257
104 271
104 283
104 288
104 317
104 322
104 332
104 346
104 358
104 363
104 396
104 397
104 414
104 442
104 445
104 448
104 449
104 462
104 471
104 473
104 481
104 485
104 486
104 472
104 105
109 112
109 198
109 211
109 235
109 245
109 246
109 256
109 267
109 310
109 320
109 321
109 331
109 342
109 394
109 465
109 480
109 488
109 109
109 113
109 162
109 169
109 171
109 183
109 189
109 196
109 199
109 206
109 210
109 242
109 247
109 257
109 271
109 283
109 288
109 317
109 322
109 332
109 346
109 358
109 363
109 396
109 397
109 414
109 442
109 445
109 448
109 449
109 462
109 471
109 473
109 481
109 485
109 486
109 207
109 212
109 243
109 254
109 318
109 329
109 472
109 491
113 394
113 113
113 162
113 169
113 171
113 183
113 189
113 196
113 199
113 206
113 210
113 242
113 247
113 257
113 271
113 283
113 288
113 317
113 322
113 332
113 346
113 358
113 363
113 396
113 397
113 414
113 442
113 445
113 448
113 449
113 462
113 471
113 473
113 481
113 485
113 486
113 163
113 182
113 197
113 200
113 207
113 208
113 212
113 243
113 254
113 318
113 329
113 416
113 444
113 472
113 489
113 491
162 165
162 198
162 211
162 235
162 245
162 246
162 256
162 267
162 310
162 320
162 321
162 331
162 342
162 394
162 465
162 480
162 488
162 162
162 169
162 171
162 183
162 189
162 196
162 199
162 206
162 210
162 242
162 247
162 257
162 271
162 283
162 288
162 317
162 322
162 332
162 346
162 358
162 363
162 396
162 397
162 414
162 442
162 445
162 448
162 449
162 462
162 471
162 473
162 481
162 485
162 486
162 163
162 207
162 212
162 243
162 254
162 318
162 329
162 472
162 491
162 164
169 198
169 211
169 235
169 245
169 246
169 256
169 267
169 310
169 320
169 321
169 331
169 342
169 394
169 465
169 488
169 169
169 171
169 183
169 189
169 196
169 199
169 206
169 210
169 242
169 247
169 257
169 271
169 283
169 288
169 317
169 322
169 332
169 346
169 358
169 363
169 396
169 397
169 414
169 442
169 445
169 448
169 449
169 462
169 471
169 473
169 481
169 485
169 486
169 207
169 212
169 243
169 254
169 318
169 329
169 472
169 491
171 198
171 211
171 235
171 245
171 246
171 256
171 267
171 310
171 320
171 321
171 331
171 342
171 394
171 465
171 488
171 171
171 183
171 189
171 196
171 199
171 206
171 210
171 242
171 247
171 257
171 271
171 283
171 288
171 317
171 322
171 332
171 346
171 358
171 363
171 396
171 397
171 414
171 442
171 445
171 448
171 449
171 462
171 471
171 473
171 481
171 485
171 486
171 207
171 212
171 243
171 254
171 318
171 329
171 472
171 491
183 198
183 211
183 235
183 245
183 246
183 256
183 267
183 310
183 320
183 321
183 331
183 342
183 394
183 465
183 480
183 488
183 384
183 183
183 189
183 196
183 199
183 206
183 210
183 242
183 247
183 257
183 271
183 283
183 288
183 317
183 322
183 332
183 346
183 358
183 363
183 396
183 397
183 414
183 442
183 445
183 448
183 449
183 462
183 471
183 473
183 481
183 485
183 486
183 207
183 212
183 243
183 254
183 318
183 329
183 472
183 491
189 198
189 211
189 235
189 245
189 246
189 256
189 267
189 310
189 320
189 321
189 331
189 342
189 394
189 465
189 480
189 488
189 189
189 196
189 199
189 206
189 210
189 242
189 247
189 257
189 271
189 283
189 288
189 317
189 322
189 332
189 346
189 358
189 363
189 396
189 397
189 414
189 442
189 445
189 448
189 449
189 462
189 471
189 473
189 481
189 485
189 486
189 207
189 212
189 243
189 254
189 318
189 329
189 472
189 491
196 394
196 196
196 199
196 206
196 210
196 242
196 247
196 257
196 271
196 283
196 288
196 317
196 322
196 332
196 346
196 358
196 363
196 396
196 397
196 414
196 442
196 445
196 448
196 449
196 462
196 471
196 473
196 481
196 485
196 486
196 197
196 200
196 207
196 208
196 212
196 243
196 254
196 318
196 329
196 416
196 441
196 444
196 472
196 489
196 491
199 211
199 235
199 245
199 246
199 256
199 267
199 310
199 320
199 321
199 331
199 342
199 394
199 465
199 480
199 488
199 199
199 206
199 210
199 242
199 247
199 257
199 271
199 283
199 288
199 317
199 322
199 332
199 346
199 358
199 363
199 396
199 397
199 414
199 442
199 445
199 448
199 449
199 462
199 471
199 473
199 481
199 485
199 486
199 200
199 207
199 212
199 243
199 254
199 318
199 329
199 472
199 487
199 491
206 211
206 235
206 245
206 246
206 256
206 267
206 310
206 320
206 321
206 331
206 342
206 394
206 465
206 480
206 488
206 206
206 210
206 242
206 247
206 257
206 271
206 283
206 288
206 317
206 322
206 332
206 346
206 358
206 363
206 396
206 397
206 414
206 442
206 445
206 448
206 449
206 462
206 471
206 473
206 481
206 485
206 486
206 207
206 212
206 243
206 254
206 318
206 329
206 444
206 472
206 491
210 211
210 235
210 245
210 246
210 256
210 267
210 310
210 320
210 321
210 331
210 342
210 394
210 465
210 480
210 488
210 210
210 242
210 247
210 257
210 271
210 283
210 288
210 317
210 322
210 332
210 346
210 358
210 363
210 396
210 397
210 414
210 442
210 445
210 448
210 449
210 462
210 471
210 473
210 481
210 485
210 486
210 212
210 243
210 254
210 318
210 329
210 472
210 491
242 245
242 246
242 256
242 267
242 310
242 320
242 321
242 331
242 342
242 394
242 465
242 480
242 488
242 242
242 247
242 257
242 271
242 283
242 288
242 317
242 322
242 332
242 346
242 358
242 363
242 396
242 397
242 414
242 442
242 445
242 448
242 449
242 462
242 471
242 473
242 481
242 485
242 486
242 243
242 254
242 318
242 329
242 472
242 491
242 244
242 319
242 316
247 256
247 267
247 310
247 320
247 321
247 331
247 342
247 394
247 465
247 488
247 247
247 257
247 271
247 283
247 288
247 317
247 322
247 332
247 346
247 358
247 363
247 396
247 397
247 414
247 442
247 445
247 448
247 449
247 462
247 471
247 473
247 481
247 485
247 486
247 248
247 254
247 318
247 323
247 329
247 472
247 491
247 249
247 324
257 267
257 310
257 320
257 321
257 331
257 342
257 394
257 465
257 488
257 257
257 271
257 283
257 288
257 317
257 322
257 332
257 346
257 358
257 363
257 396
257 397
257 414
257 442
257 445
257 448
257 449
257 462
257 471
257 473
257 481
257 485
257 486
257 318
257 329
257 472
257 491
257 330
271 310
271 320
271 321
271 331
271 342
271 394
271 465
271 488
271 271
271 283
271 288
271 317
271 322
271 332
271 346
271 358
271 363
271 396
271 397
271 414
271 442
271 445
271 448
271 449
271 462
271 471
271 473
271 481
271 485
271 486
271 318
271 329
271 472
271 491
283 310
283 320
283 321
283 331
283 342
283 394
283 465
283 488
283 283
283 288
283 317
283 322
283 332
283 346
283 358
283 363
283 396
283 397
283 414
283 442
283 445
283 448
283 449
283 462
283 471
283 473
283 481
283 485
283 486
283 318
283 329
283 472
283 491
288 310
288 320
288 321
288 331
288 342
288 394
288 465
288 488
288 288
288 317
288 322
288 332
288 346
288 358
288 363
288 396
288 397
288 414
288 442
288 445
288 448
288 449
288 462
288 471
288 473
288 481
288 485
288 486
288 318
288 329
288 472
288 489
288 491
288 289
288 364
288 290
288 365
317 320
317 321
317 331
317 342
317 394
317 465
317 480
317 488
317 317
317 322
317 332
317 346
317 358
317 363
317 396
317 397
317 414
317 442
317 445
317 448
317 449
317 462
317 471
317 473
317 481
317 485
317 486
317 318
317 329
317 472
317 491
317 319
322 331
322 342
322 394
322 465
322 488
322 322
322 332
322 346
322 358
322 363
322 396
322 397
322 414
322 442
322 445
322 448
322 449
322 462
322 471
322 473
322 481
322 485
322 486
322 323
322 329
322 472
322 491
322 324
332 342
332 394
332 465
332 488
332 332
332 346
332 358
332 363
332 396
332 397
332 414
332 442
332 445
332 448
332 449
332 462
332 471
332 473
332 481
332 485
332 486
332 472
332 491
346 394
346 465
346 488
346 346
346 358
346 363
346 396
346 397
346 414
346 442
346 445
346 448
346 449
346 462
346 471
346 473
346 481
346 485
346 486
346 472
346 491
358 394
358 465
358 488
358 358
358 363
358 396
358 397
358 414
358 442
358 445
358 448
358 449
358 462
358 471
358 473
358 481
358 485
358 486
358 472
358 491
363 394
363 465
363 488
363 363
363 396
363 397
363 414
363 442
363 445
363 448
363 449
363 462
363 471
363 473
363 481
363 485
363 486
363 472
363 489
363 491
363 364
363 365
396 428
396 465
396 476
396 480
396 488
396 396
396 397
396 414
396 442
396 445
396 448
396 449
396 462
396 471
396 473
396 481
396 485
396 486
396 472
397 465
397 488
397 397
397 414
397 442
397 445
397 448
397 449
397 462
397 471
397 473
397 481
397 485
397 486
397 472
397 491
414 465
414 480
414 488
414 414
414 442
414 445
414 448
414 449
414 462
414 471
414 473
414 481
414 485
414 486
414 472
414 415
442 465
442 480
442 488
442 442
442 445
442 448
442 449
442 462
442 471
442 473
442 481
442 485
442 486
442 472
442 491
445 465
445 488
445 445
445 448
445 449
445 462
445 471
445 473
445 481
445 485
445 486
445 472
445 491
448 465
448 480
448 488
448 448
448 449
448 462
448 471
448 473
448 481
448 485
448 486
448 472
448 491
449 465
449 488
449 449
449 462
449 471
449 473
449 481
449 485
449 486
449 472
449 489
449 491
462 465
462 480
462 488
462 462
462 471
462 473
462 481
462 485
462 486
462 472
462 491
471 480
471 488
471 471
471 473
471 481
471 485
471 486
471 472
471 491
473 476
473 480
473 488
473 473
473 481
473 485
473 486
481 482
481 488
481 481
481 485
481 486
481 491
485 488
485 485
485 486
486 486
486 489
486 491
35 35
35 44
35 163
35 181
35 182
35 191
35 194
35 197
35 200
35 205
35 207
35 208
35 212
35 236
35 243
35 248
35 254
35 260
35 274
35 279
35 311
35 318
35 323
35 329
35 335
35 349
35 354
35 395
35 416
35 440
35 441
35 444
35 446
35 472
35 487
35 489
35 491
44 44
44 163
44 181
44 182
44 191
44 194
44 197
44 200
44 205
44 207
44 208
44 212
44 236
44 243
44 248
44 254
44 260
44 274
44 279
44 311
44 318
44 323
44 329
44 335
44 349
44 354
44 395
44 416
44 440
44 441
44 444
44 446
44 472
44 487
44 489
44 491
163 165
163 196
163 486
163 163
163 181
163 182
163 191
163 194
163 197
163 200
163 205
163 207
163 208
163 212
163 236
163 243
163 248
163 254
163 260
163 274
163 311
163 318
163 323
163 329
163 335
163 349
163 395
163 416
163 440
163 441
163 444
163 446
163 472
163 487
163 489
163 491
163 164
181 181
181 182
181 191
181 194
181 197
181 200
181 205
181 208
181 236
181 248
181 260
181 274
181 279
181 311
181 323
181 335
181 349
181 354
181 395
181 416
181 440
181 441
181 444
181 446
181 487
181 489
181 195
181 201
181 209
181 427
181 439
181 447
181 493
182 196
182 486
182 182
182 191
182 194
182 197
182 200
182 205
182 207
182 208
182 212
182 236
182 243
182 248
182 254
182 260
182 274
182 279
182 311
182 318
182 323
182 329
182 335
182 349
182 354
182 395
182 416
182 440
182 441
182 444
182 446
182 472
182 487
182 489
182 491
191 192
191 191
191 194
191 197
191 200
191 205
191 208
191 236
191 248
191 260
191 274
191 279
191 311
191 323
191 335
191 349
191 354
191 395
191 416
191 440
191 441
191 444
191 446
191 487
191 489
191 195
191 201
191 209
191 258
191 333
191 378
191 427
191 439
191 447
191 492
191 493
194 194
194 197
194 200
194 205
194 208
194 236
194 248
194 260
194 274
194 279
194 311
194 323
194 335
194 349
194 354
194 395
194 416
194 440
194 441
194 444
194 446
194 487
194 489
194 195
194 201
194 209
194 427
194 439
194 447
194 492
194 493
197 486
197 197
197 200
197 205
197 207
197 208
197 212
197 236
197 243
197 248
197 254
197 260
197 274
197 279
197 311
197 318
197 323
197 329
197 335
197 349
197 354
197 395
197 416
197 440
197 441
197 444
197 446
197 472
197 487
197 489
197 491
200 486
200 200
200 205
200 207
200 208
200 212
200 236
200 243
200 248
200 254
200 260
200 274
200 279
200 311
200 318
200 323
200 329
200 335
200 349
200 354
200 395
200 416
200 440
200 441
200 444
200 446
200 472
200 487
200 489
200 491
205 205
205 208
205 236
205 248
205 260
205 274
205 279
205 311
205 323
205 335
205 349
205 354
205 395
205 416
205 440
205 441
205 444
205 446
205 487
205 489
205 209
205 258
205 333
205 378
205 427
205 439
205 447
205 492
205 493
207 210
207 242
207 247
207 257
207 271
207 283
207 288
207 317
207 322
207 332
207 346
207 358
207 363
207 397
207 414
207 442
207 445
207 448
207 449
207 462
207 471
207 481
207 485
207 486
207 207
207 208
207 212
207 236
207 243
207 254
207 311
207 318
207 329
207 395
207 416
207 444
207 472
207 487
207 489
207 491
208 486
208 208
208 212
208 236
208 243
208 248
208 254
208 274
208 311
208 318
208 323
208 329
208 349
208 395
208 416
208 440
208 441
208 444
208 446
208 472
208 487
208 489
208 491
208 209
212 242
212 247
212 257
212 271
212 283
212 288
212 317
212 322
212 332
212 346
212 358
212 363
212 397
212 414
212 442
212 445
212 448
212 449
212 462
212 471
212 481
212 485
212 486
212 212
212 236
212 243
212 254
212 311
212 318
212 329
212 395
212 416
212 444
212 472
212 487
212 489
212 491
236 309
236 310
236 236
236 243
236 248
236 254
236 260
236 274
236 279
236 311
236 318
236 323
236 329
236 335
236 349
236 354
236 395
236 416
236 440
236 441
236 444
236 446
236 487
236 489
236 491
236 308
236 439
236 447
243 247
243 257
243 271
243 283
243 288
243 317
243 322
243 332
243 346
243 358
243 363
243 397
243 414
243 442
243 445
243 448
243 449
243 462
243 471
243 481
243 485
243 486
243 243
243 254
243 311
243 318
243 329
243 395
243 416
243 444
243 472
243 487
243 489
243 491
243 244
243 319
243 316
248 322
248 248
248 260
248 274
248 279
248 311
248 323
248 335
248 349
248 354
248 395
248 416
248 440
248 441
248 444
248 446
248 487
248 489
248 491
248 249
248 324
248 439
248 447
254 257
254 271
254 283
254 288
254 317
254 322
254 332
254 346
254 358
254 363
254 397
254 414
254 442
254 445
254 448
254 449
254 462
254 471
254 481
254 485
254 486
254 254
254 311
254 318
254 329
254 395
254 416
254 444
254 472
254 487
254 489
254 491
260 260
260 274
260 279
260 311
260 323
260 335
260 349
260 354
260 395
260 440
260 441
260 444
260 446
260 487
260 261
260 336
260 276
260 284
260 319
260 333
260 351
260 359
260 378
260 427
260 439
260 447
260 492
260 493
274 274
274 279
274 311
274 323
274 335
274 349
274 354
274 395
274 416
274 440
274 441
274 444
274 446
274 487
274 489
274 491
274 275
274 350
274 439
274 447
274 493
279 279
279 311
279 323
279 335
279 349
279 354
279 395
279 440
279 441
279 444
279 446
279 487
279 284
279 319
279 333
279 351
279 359
279 378
279 427
279 439
279 447
279 492
279 493
311 311
311 318
311 323
311 329
311 335
311 349
311 354
311 395
311 416
311 440
311 441
311 444
311 446
311 487
311 489
311 491
311 439
311 447
318 322
318 332
318 346
318 358
318 363
318 397
318 414
318 442
318 445
318 448
318 449
318 462
318 471
318 481
318 485
318 486
318 318
318 329
318 395
318 416
318 444
318 472
318 487
318 489
318 491
318 319
323 323
323 335
323 349
323 354
323 395
323 416
323 440
323 441
323 444
323 446
323 487
323 489
323 491
323 324
323 439
323 447
329 332
329 346
329 358
329 363
329 397
329 414
329 442
329 445
329 448
329 449
329 462
329 471
329 481
329 485
329 486
329 329
329 395
329 416
329 444
329 472
329 487
329 489
329 491
335 335
335 349
335 354
335 395
335 440
335 441
335 444
335 446
335 487
335 336
335 351
335 359
335 378
335 427
335 439
335 447
335 492
335 493
349 349
349 354
349 395
349 416
349 440
349 441
349 444
349 446
349 487
349 489
349 491
349 350
349 439
349 447
349 493
354 354
354 395
354 440
354 441
354 444
354 446
354 487
354 359
354 378
354 427
354 439
354 447
354 492
354 493
395 395
395 416
395 440
395 441
395 444
395 446
395 472
395 487
395 489
395 491
395 447
416 486
416 416
416 440
416 441
416 444
416 446
416 472
416 487
416 489
416 491
440 440
440 441
440 444
440 446
440 487
440 489
440 447
440 492
440 493
441 441
441 444
441 446
441 487
441 489
441 447
441 492
441 493
444 486
444 444
444 446
444 472
444 487
444 489
444 491
446 446
446 487
446 489
446 447
446 492
446 493
472 473
472 481
472 485
472 486
472 472
472 489
472 491
487 487
487 489
487 491
489 489
489 491
491 491
107 114
107 165
107 192
107 193
107 202
107 239
107 263
107 280
107 285
107 314
107 338
107 355
107 360
107 443
107 107
107 110
107 204
107 261
107 275
107 281
107 282
107 286
107 289
107 336
107 350
107 356
107 357
107 361
107 364
110 114
110 165
110 192
110 193
110 202
110 239
110 263
110 280
110 285
110 314
110 338
110 355
110 360
110 443
110 110
110 204
110 261
110 275
110 281
110 282
110 286
110 289
110 336
110 350
110 356
110 357
110 361
110 364
204 239
204 263
204 280
204 285
204 314
204 338
204 355
204 360
204 380
204 443
204 204
204 261
204 275
204 281
204 282
204 286
204 336
204 350
204 356
204 357
204 361
261 263
261 280
261 285
261 314
261 338
261 355
261 360
261 443
261 335
261 261
261 275
261 281
261 282
261 286
261 336
261 350
261 356
261 357
261 361
275 280
275 285
275 314
275 338
275 355
275 360
275 443
275 349
275 275
275 281
275 282
275 286
275 336
275 350
275 356
275 357
275 361
281 285
281 314
281 338
281 355
281 360
281 443
281 281
281 282
281 286
281 336
281 350
281 356
281 357
281 361
282 314
282 338
282 355
282 282
282 286
282 289
282 336
282 350
282 356
282 357
282 361
282 364
286 314
286 338
286 355
286 360
286 286
286 289
286 336
286 350
286 356
286 357
286 361
286 364
286 359
289 363
289 289
289 357
289 361
289 364
289 290
289 315
289 328
289 334
289 365
336 338
336 355
336 360
336 443
336 336
336 350
336 356
336 357
336 361
350 355
350 360
350 443
350 350
350 356
350 357
350 361
356 360
356 443
356 356
356 357
356 361
357 357
357 361
357 364
361 361
361 364
364 364
364 365
50 51
50 79
50 125
50 371
50 389
50 418
50 59
50 74
50 80
50 81
50 132
50 367
50 368
50 369
50 370
50 373
50 376
50 383
50 419
50 494
50 495
50 496
50 50
50 54
50 60
50 70
50 71
50 83
50 119
50 123
50 155
50 230
50 305
50 451
54 79
54 125
54 371
54 389
54 418
54 59
54 74
54 80
54 81
54 132
54 367
54 368
54 369
54 370
54 373
54 376
54 383
54 419
54 494
54 495
54 496
54 54
54 60
54 70
54 71
54 83
54 119
54 123
54 155
54 230
54 305
54 451
54 55
60 79
60 125
60 371
60 389
60 418
60 74
60 80
60 81
60 132
60 367
60 368
60 369
60 370
60 373
60 376
60 383
60 419
60 494
60 495
60 496
60 60
60 70
60 71
60 83
60 119
60 123
60 155
60 230
60 305
60 451
70 79
70 125
70 371
70 389
70 418
70 74
70 80
70 81
70 132
70 367
70 368
70 369
70 370
70 373
70 376
70 383
70 419
70 494
70 495
70 496
70 70
70 71
70 83
70 119
70 123
70 155
70 230
70 305
70 451
71 79
71 125
71 146
71 148
71 151
71 154
71 371
71 389
71 398
71 418
71 425
71 453
71 81
71 132
71 367
71 368
71 369
71 370
71 373
71 376
71 383
71 419
71 494
71 495
71 496
71 71
71 83
71 119
71 123
71 155
71 230
71 305
71 451
83 125
83 131
83 146
83 148
83 151
83 154
83 371
83 389
83 398
83 418
83 425
83 453
83 132
83 368
83 369
83 373
83 376
83 383
83 495
83 83
83 119
83 123
83 155
83 230
83 305
83 451
119 125
119 131
119 146
119 148
119 151
119 154
119 371
119 389
119 390
119 398
119 418
119 425
119 453
119 132
119 368
119 369
119 376
119 119
119 123
119 155
119 230
119 305
119 451
123 216
123 291
123 125
123 131
123 146
123 148
123 151
123 154
123 371
123 389
123 390
123 398
123 418
123 425
123 453
123 132
123 368
123 369
123 376
123 123
123 155
123 230
123 305
123 451
155 156
155 371
155 389
155 398
155 418
155 425
155 453
155 367
155 368
155 369
155 370
155 373
155 376
155 383
155 419
155 495
155 496
155 155
155 230
155 305
155 451
230 371
230 389
230 398
230 418
230 425
230 453
230 368
230 369
230 373
230 376
230 383
230 495
230 230
230 305
230 451
305 371
305 389
305 398
305 418
305 425
305 453
305 368
305 369
305 373
305 376
305 383
305 495
305 305
305 451
451 494
451 495
451 496
451 451
55 55
55 68
55 75
55 85
55 86
55 88
55 111
55 452
55 457
68 152
68 369
68 68
68 75
68 85
68 86
68 88
68 111
68 452
68 457
75 75
75 85
75 86
75 88
75 111
75 452
75 457
85 450
85 87
85 85
85 86
85 88
85 111
85 452
85 457
86 87
86 86
86 88
86 111
88 465
88 91
88 88
88 111
88 452
88 457
88 89
88 90
111 112
111 113
111 111
111 452
111 457
452 452
452 457
457 457
61 63
61 61
61 76
61 77
61 102
61 219
61 226
61 227
61 228
61 268
61 294
61 301
61 302
61 303
61 343
61 455
61 461
61 62
76 78
76 76
76 77
76 102
76 219
76 226
76 268
76 294
76 301
76 343
77 78
77 77
77 102
77 219
77 227
77 228
77 268
77 294
77 302
77 303
77 343
77 455
77 461
77 221
77 269
77 296
77 344
77 406
77 454
77 497
102 102
102 219
102 226
102 227
102 228
102 268
102 294
102 301
102 302
102 303
102 343
102 455
102 461
102 259
102 334
219 220
219 295
219 293
219 219
219 226
219 227
219 228
219 268
219 294
219 301
219 302
219 303
219 343
219 455
226 226
226 227
226 228
226 268
226 294
226 301
226 302
226 303
226 343
226 229
226 304
227 227
227 228
227 268
227 294
227 301
227 302
227 303
227 343
227 455
227 461
227 229
227 269
227 296
227 304
227 344
228 228
228 268
228 294
228 301
228 302
228 303
228 343
228 455
228 461
228 229
228 269
228 296
228 304
228 344
228 406
228 454
268 484
268 268
268 294
268 301
268 302
268 303
268 343
268 455
268 461
268 269
268 344
294 295
294 294
294 301
294 302
294 303
294 343
294 455
301 301
301 302
301 303
301 343
301 304
302 302
302 303
302 343
302 455
302 461
302 304
302 344
303 303
303 343
303 455
303 461
303 304
303 344
303 406
303 454
343 484
343 343
343 455
343 461
343 344
455 455
455 461
461 461
461 497
136 137
136 409
136 421
136 136
140 234
140 251
140 265
140 309
140 326
140 340
140 413
140 422
140 482
140 484
140 490
140 140
140 233
140 264
140 308
140 339
140 412
140 463
140 470
140 475
140 250
140 273
140 325
140 348
140 478
233 234
233 235
233 251
233 265
233 309
233 310
233 326
233 340
233 413
233 422
233 482
233 484
233 236
233 311
233 233
233 264
233 308
233 339
233 412
233 463
233 470
233 475
233 250
233 273
233 325
233 348
233 478
264 265
264 309
264 326
264 340
264 413
264 422
264 482
264 484
264 490
264 264
264 308
264 339
264 412
264 463
264 470
264 475
264 273
264 325
264 348
264 478
308 309
308 310
308 326
308 340
308 413
308 422
308 482
308 484
308 311
308 308
308 339
308 412
308 463
308 470
308 475
308 325
308 348
308 478
339 340
339 413
339 422
339 482
339 484
339 490
339 339
339 412
339 463
339 470
339 475
339 348
339 478
412 482
412 412
412 463
412 470
412 475
412 466
412 478
463 482
463 484
463 490
463 463
463 470
463 475
463 478
470 482
470 484
470 470
470 475
470 478
475 482
475 484
475 490
475 475
475 478
105 106
105 366
105 374
105 500
105 181
105 191
105 194
105 205
105 248
105 260
105 274
105 279
105 323
105 335
105 349
105 354
105 440
105 441
105 446
105 105
105 158
105 164
105 190
105 195
105 201
105 209
105 244
105 249
105 258
105 262
105 276
105 277
105 284
105 287
105 319
105 324
105 333
105 337
105 351
105 352
105 359
105 362
105 378
105 427
105 439
105 447
105 492
105 493
158 366
158 374
158 500
158 181
158 191
158 194
158 205
158 248
158 260
158 274
158 279
158 323
158 335
158 349
158 354
158 440
158 441
158 446
158 158
158 164
158 190
158 195
158 201
158 209
158 244
158 249
158 258
158 262
158 276
158 277
158 284
158 287
158 319
158 324
158 333
158 337
158 351
158 352
158 359
158 362
158 378
158 427
158 439
158 447
158 492
158 493
164 165
164 366
164 374
164 500
164 181
164 191
164 194
164 205
164 248
164 260
164 274
164 279
164 323
164 335
164 349
164 354
164 440
164 441
164 446
164 164
164 190
164 195
164 201
164 209
164 244
164 249
164 258
164 262
164 276
164 277
164 284
164 287
164 319
164 324
164 333
164 337
164 351
164 352
164 359
164 362
164 378
164 427
164 439
164 447
164 492
164 493
190 203
190 237
190 312
190 366
190 374
190 377
190 379
190 499
190 500
190 260
190 279
190 335
190 354
190 190
190 195
190 201
190 209
190 244
190 249
190 258
190 262
190 276
190 277
190 284
190 287
190 319
190 324
190 333
190 337
190 351
190 352
190 359
190 362
190 378
190 427
190 439
190 447
190 492
190 493
195 377
195 376
195 205
195 236
195 248
195 260
195 274
195 279
195 311
195 323
195 335
195 349
195 354
195 440
195 441
195 446
195 487
195 195
195 201
195 209
195 244
195 249
195 258
195 262
195 276
195 277
195 284
195 287
195 319
195 324
195 333
195 337
195 351
195 352
195 359
195 362
195 378
195 427
195 439
195 447
195 492
195 493
201 202
201 443
201 205
201 236
201 248
201 260
201 274
201 279
201 311
201 323
201 335
201 349
201 354
201 440
201 441
201 446
201 487
201 201
201 209
201 244
201 249
201 258
201 262
201 276
201 277
201 284
201 287
201 319
201 324
201 333
201 337
201 351
201 352
201 359
201 362
201 378
201 427
201 439
201 447
201 492
201 493
209 236
209 248
209 260
209 274
209 279
209 311
209 323
209 335
209 349
209 354
209 395
209 440
209 441
209 446
209 487
209 209
209 244
209 249
209 258
209 276
209 277
209 284
209 287
209 319
209 324
209 333
209 351
209 352
209 359
209 362
209 378
209 427
209 439
209 447
209 492
209 493
244 366
244 374
244 377
244 379
244 499
244 500
244 317
244 260
244 279
244 318
244 335
244 354
244 244
244 249
244 258
244 262
244 276
244 277
244 284
244 287
244 319
244 324
244 333
244 337
244 351
244 352
244 359
244 362
244 378
244 427
244 439
244 447
244 492
244 493
244 316
249 312
249 366
249 374
249 377
249 379
249 380
249 499
249 500
249 322
249 323
249 249
249 258
249 262
249 276
249 277
249 284
249 287
249 319
249 324
249 333
249 337
249 351
249 352
249 359
249 362
249 378
249 427
249 439
249 447
249 492
249 493
258 366
258 374
258 377
258 379
258 499
258 500
258 260
258 279
258 335
258 354
258 440
258 446
258 258
258 262
258 276
258 277
258 284
258 287
258 319
258 324
258 333
258 337
258 351
258 352
258 359
258 362
258 378
258 427
258 439
258 447
258 492
258 493
262 312
262 366
262 374
262 377
262 379
262 380
262 499
262 500
262 262
262 276
262 277
262 284
262 287
262 319
262 324
262 333
262 337
262 351
262 352
262 359
262 362
262 378
262 427
262 439
262 492
262 493
276 366
276 374
276 377
276 379
276 499
276 500
276 279
276 335
276 354
276 276
276 277
276 284
276 287
276 319
276 324
276 333
276 337
276 351
276 352
276 359
276 362
276 378
276 427
276 439
276 447
276 492
276 493
277 312
277 366
277 374
277 377
277 379
277 380
277 499
277 500
277 277
277 284
277 287
277 319
277 324
277 333
277 337
277 351
277 352
277 359
277 362
277 378
277 427
277 439
277 447
277 492
277 493
284 285
284 312
284 360
284 366
284 374
284 377
284 379
284 499
284 500
284 335
284 354
284 286
284 361
284 284
284 287
284 319
284 324
284 333
284 337
284 351
284 352
284 359
284 362
284 378
284 427
284 439
284 447
284 492
284 493
287 312
287 366
287 374
287 377
287 379
287 380
287 499
287 500
287 287
287 319
287 324
287 333
287 337
287 351
287 352
287 359
287 362
287 378
287 427
287 439
287 447
287 492
287 493
319 366
319 374
319 377
319 379
319 499
319 500
319 335
319 354
319 319
319 324
319 333
319 337
319 351
319 352
319 359
319 362
319 378
319 427
319 439
319 447
319 492
319 493
324 366
324 374
324 377
324 379
324 380
324 499
324 500
324 324
324 333
324 337
324 351
324 352
324 359
324 362
324 378
324 427
324 439
324 447
324 492
324 493
333 366
333 374
333 377
333 379
333 499
333 500
333 335
333 354
333 440
333 446
333 333
333 337
333 351
333 352
333 359
333 362
333 378
333 427
333 439
333 447
333 492
333 493
337 366
337 374
337 377
337 379
337 380
337 499
337 500
337 337
337 351
337 352
337 359
337 362
337 378
337 427
337 439
337 492
337 493
351 366
351 374
351 377
351 379
351 499
351 500
351 354
351 351
351 352
351 359
351 362
351 378
351 427
351 439
351 447
351 492
351 493
352 366
352 374
352 377
352 379
352 380
352 499
352 500
352 352
352 359
352 362
352 378
352 427
352 439
352 447
352 492
352 493
359 360
359 366
359 374
359 377
359 379
359 499
359 500
359 361
359 359
359 362
359 378
359 427
359 439
359 447
359 492
359 493
362 366
362 374
362 377
362 379
362 380
362 499
362 500
362 362
362 378
362 427
362 439
362 447
362 492
362 493
378 379
378 499
378 500
378 440
378 446
378 378
378 427
378 439
378 447
378 492
378 493
427 499
427 500
427 440
427 441
427 446
427 427
427 439
427 447
427 492
427 493
439 440
439 441
439 446
439 487
439 439
439 447
439 492
439 493
447 487
447 447
447 492
447 493
492 499
492 500
492 492
492 493
493 499
493 500
493 493
167 173
167 175
167 185
167 214
167 223
167 298
167 404
167 431
167 438
167 430
167 437
167 458
167 167
167 168
167 172
167 178
167 179
167 187
167 433
167 435
168 404
168 177
168 188
168 430
168 437
168 458
168 168
168 172
168 178
168 179
168 187
168 433
168 435
172 404
172 177
172 188
172 430
172 437
172 458
172 172
172 178
172 179
172 187
172 433
172 435
178 180
178 185
178 214
178 223
178 298
178 404
178 431
178 438
178 430
178 437
178 458
178 178
178 179
178 187
178 433
178 435
179 180
179 185
179 214
179 223
179 298
179 404
179 431
179 438
179 430
179 437
179 458
179 179
179 187
179 433
179 435
187 214
187 223
187 298
187 404
187 431
187 438
187 430
187 437
187 458
187 400
187 187
187 433
187 435
433 437
433 458
433 433
433 435
435 437
435 458
435 435
221 227
221 228
221 302
221 303
221 455
221 461
221 221
221 229
221 269
221 296
221 304
221 344
221 406
221 454
221 497
229 301
229 302
229 303
229 461
229 229
229 269
229 296
229 304
229 344
229 406
229 454
229 497
269 484
269 302
269 303
269 343
269 455
269 461
269 269
269 296
269 304
269 344
269 406
269 454
269 497
296 302
296 303
296 455
296 461
296 296
296 304
296 344
296 406
296 454
296 497
304 461
304 304
304 344
304 406
304 454
304 497
344 484
344 455
344 461
344 344
344 406
344 454
344 497
406 455
406 461
406 406
406 454
406 497
454 455
454 461
454 454
454 497
497 497
240 314
240 313
240 289
240 364
240 240
240 253
240 259
240 290
240 315
240 328
240 334
240 365
253 327
253 472
253 289
253 364
253 253
253 259
253 290
253 315
253 328
253 334
253 365
259 289
259 364
259 259
259 290
259 315
259 328
259 334
259 365
290 363
290 364
290 290
290 315
290 328
290 334
290 365
315 364
315 315
315 328
315 334
315 365
328 472
328 364
328 328
328 334
328 365
334 364
334 334
334 365
365 365
62 63
62 62
62 94
62 96
62 98
62 411
62 468
62 469
62 479
94 94
94 96
94 98
94 411
94 468
94 469
94 479
96 96
96 411
96 468
96 479
96 97
96 467
98 98
98 468
98 469
98 99
98 408
411 411
411 468
411 479
411 415
411 467
411 498
468 468
468 479
469 469
479 479
89 465
89 91
89 89
89 90
89 95
89 97
89 99
89 241
89 250
89 255
89 270
89 273
89 278
89 316
89 325
89 330
89 345
89 348
89 353
89 415
89 464
89 466
89 467
89 477
89 478
89 498
90 465
90 91
90 140
90 233
90 264
90 308
90 339
90 412
90 463
90 470
90 90
90 95
90 99
90 241
90 250
90 255
90 273
90 278
90 316
90 325
90 330
90 348
90 353
90 415
90 464
90 466
90 477
90 478
90 498
95 95
95 97
95 99
95 241
95 250
95 255
95 270
95 273
95 278
95 316
95 325
95 330
95 345
95 348
95 353
95 415
95 464
95 466
95 467
95 477
95 478
95 498
97 411
97 468
97 479
97 97
97 270
97 345
97 415
97 464
97 467
97 477
97 498
99 140
99 233
99 264
99 308
99 339
99 412
99 463
99 470
99 468
99 99
99 241
99 250
99 255
99 273
99 278
99 316
99 325
99 330
99 348
99 353
99 415
99 464
99 466
99 477
99 478
99 498
241 242
241 317
241 243
241 318
241 412
241 244
241 319
241 241
241 250
241 255
241 270
241 273
241 278
241 316
241 325
241 330
241 345
241 348
241 353
241 415
241 464
241 466
241 467
241 477
241 478
241 498
250 251
250 326
250 264
250 308
250 339
250 412
250 463
250 470
250 475
250 250
250 255
250 273
250 278
250 316
250 325
250 330
250 348
250 353
250 464
250 466
250 477
250 478
255 256
255 331
255 257
255 332
255 412
255 255
255 270
255 273
255 278
255 316
255 325
255 330
255 345
255 348
255 353
255 415
255 464
255 466
255 467
255 477
255 478
255 498
270 411
270 270
270 278
270 316
270 330
270 345
270 353
270 415
270 464
270 466
270 467
270 477
270 498
273 443
273 308
273 339
273 412
273 463
273 470
273 475
273 273
273 278
273 316
273 325
273 330
273 348
273 353
273 464
273 466
273 477
273 478
278 412
278 278
278 316
278 325
278 330
278 345
278 348
278 353
278 415
278 464
278 466
278 467
278 477
278 478
278 498
316 317
316 318
316 412
316 319
316 316
316 325
316 330
316 345
316 348
316 353
316 415
316 464
316 466
316 467
316 477
316 478
316 498
325 326
325 339
325 412
325 463
325 470
325 475
325 325
325 330
325 348
325 353
325 464
325 466
325 477
325 478
330 331
330 332
330 412
330 330
330 345
330 348
330 353
330 415
330 464
330 466
330 467
330 477
330 478
330 498
345 411
345 345
345 353
345 415
345 464
345 466
345 467
345 477
345 498
348 443
348 412
348 463
348 470
348 475
348 348
348 353
348 464
348 466
348 477
348 478
353 412
353 353
353 415
353 464
353 466
353 467
353 477
353 478
353 498
415 415
415 464
415 466
415 467
415 477
415 498
464 464
464 466
464 467
464 477
464 478
464 498
466 466
466 467
466 477
466 478
466 498
467 468
467 467
467 477
467 498
477 477
477 478
477 498
478 478
498 499
498 498
93 93
93 407
93 408
93 410
93 483
407 407
407 408
407 410
407 483
408 469
408 408
408 410
408 483
410 410
410 483
483 483
375 375
392 392
399 399
