356 356
356 380
378 378
378 379
378 380
378 381
378 382
378 383
378 397
378 399
378 418
379 379
379 380
379 381
379 382
379 383
380 380
380 381
380 382
380 383
381 381
381 382
381 383
382 382
382 383
383 383
328 328
328 329
328 330
328 396
328 339
328 398
329 329
329 330
329 396
329 337
329 339
329 340
330 330
330 353
393 393
393 394
393 395
393 396
394 394
394 395
394 396
394 397
394 398
394 399
395 395
395 396
395 397
395 398
395 399
396 396
396 397
396 398
396 399
396 400
337 337
337 338
337 339
337 340
337 370
338 378
338 338
338 339
338 340
338 370
338 418
339 396
339 339
339 340
340 340
340 370
353 353
353 354
353 355
354 378
354 354
354 355
354 368
354 369
354 397
354 399
354 418
355 355
355 372
5 378
5 338
5 354
5 5
5 6
5 368
5 369
5 370
5 397
5 399
5 418
6 378
6 354
6 6
6 368
6 369
6 397
6 399
6 418
368 378
368 368
368 369
368 370
368 397
368 399
368 418
369 378
369 369
369 370
369 397
369 399
369 418
370 378
370 370
370 418
348 394
348 395
348 348
348 361
348 351
397 397
397 398
397 399
397 400
397 418
398 398
398 399
398 400
399 399
399 400
399 418
400 400
400 404
400 409
400 410
400 459
371 371
371 372
371 373
371 374
372 372
372 373
372 374
373 383
373 373
373 374
374 374
385 398
385 385
385 386
385 387
385 388
385 389
386 386
386 387
386 388
386 389
386 464
387 387
387 388
387 389
387 403
387 405
387 420
388 388
388 389
388 413
389 389
389 464
464 464
403 403
403 404
403 405
403 420
404 404
404 405
404 409
404 410
404 459
405 405
405 420
169 169
169 170
169 171
169 172
169 173
169 174
169 175
169 176
169 177
169 185
169 214
169 233
170 170
170 171
170 172
170 173
170 174
170 175
170 176
170 177
171 171
171 172
171 173
171 174
171 175
171 176
171 177
171 186
171 188
171 210
171 235
171 237
172 172
172 173
172 174
172 175
172 176
172 177
173 173
173 174
173 175
173 176
173 177
173 256
173 257
173 202
173 207
173 208
174 174
174 175
174 176
174 177
175 175
175 176
175 177
175 189
176 176
176 177
177 400
177 177
177 410
184 184
184 185
184 186
184 187
184 188
184 215
185 185
185 186
185 187
185 188
185 189
185 282
185 210
185 211
185 214
185 233
185 234
185 235
186 186
186 187
186 188
186 189
186 190
186 282
186 210
186 211
186 234
186 235
186 237
187 187
187 188
187 189
187 190
187 191
187 213
187 215
188 188
188 189
188 190
188 191
188 192
188 237
67 67
67 68
67 69
67 70
67 71
67 72
67 73
67 74
67 75
67 76
67 77
67 259
67 118
67 85
68 187
68 68
68 69
68 70
68 71
68 72
68 73
68 74
68 75
68 76
68 77
68 96
68 109
68 111
68 78
68 80
68 162
68 163
68 164
68 167
68 89
68 113
68 115
68 145
68 146
68 149
68 153
68 132
68 134
68 138
68 212
68 213
68 215
69 184
69 187
69 69
69 70
69 71
69 72
69 73
69 74
69 75
69 76
69 77
69 96
69 109
69 110
69 111
69 78
69 162
69 163
69 164
69 168
69 89
69 113
69 145
69 146
69 149
69 153
69 154
69 132
69 134
69 138
69 213
69 215
70 70
70 71
70 72
70 73
70 74
70 75
70 76
70 77
70 97
70 160
70 161
70 148
71 175
71 71
71 72
71 73
71 74
71 75
71 76
71 77
71 97
71 160
71 161
71 148
72 175
72 72
72 73
72 74
72 75
72 76
72 77
72 97
72 160
72 161
72 148
73 175
73 73
73 74
73 75
73 76
73 77
73 97
73 121
73 160
73 161
73 189
73 148
74 169
74 185
74 74
74 75
74 76
74 77
74 79
74 158
74 165
74 166
74 282
74 114
74 151
74 152
74 133
74 135
74 136
74 139
74 210
74 211
74 214
74 233
74 234
74 235
75 171
75 185
75 186
75 75
75 76
75 77
75 108
75 79
75 165
75 166
75 282
75 150
75 151
75 152
75 133
75 135
75 136
75 210
75 211
75 214
75 233
75 234
75 235
75 237
76 175
76 76
76 77
76 97
76 121
76 161
76 189
77 77
77 120
77 90
77 280
77 281
77 204
77 206
77 240
77 241
259 259
49 49
49 50
49 51
49 93
49 95
50 173
50 50
50 51
50 123
50 124
50 129
50 103
50 86
50 256
50 257
50 202
50 207
50 208
51 51
51 93
51 95
91 91
91 92
91 93
91 94
91 95
91 96
91 97
91 117
92 92
92 93
92 94
92 95
92 96
92 97
92 112
93 93
93 94
93 95
93 96
93 97
94 94
94 95
94 96
94 97
94 122
94 147
95 95
95 96
95 97
95 112
96 187
96 96
96 97
96 109
96 111
96 162
96 163
96 164
96 167
96 113
96 115
96 145
96 146
96 149
96 153
96 132
96 134
96 138
96 212
96 213
96 215
97 175
97 97
97 160
97 161
97 148
47 47
47 48
47 107
47 130
48 48
48 125
48 126
48 128
107 107
107 108
107 109
107 110
107 111
107 130
108 171
108 186
108 188
108 108
108 109
108 110
108 111
108 166
108 282
108 112
108 113
108 114
108 115
108 150
108 151
108 135
108 136
108 210
108 211
108 234
108 235
108 237
109 184
109 187
109 109
109 110
109 111
109 162
109 163
109 164
109 168
109 112
109 113
109 114
109 115
109 145
109 146
109 149
109 153
109 154
109 132
109 134
109 138
109 213
109 215
110 184
110 187
110 110
110 111
110 163
110 164
110 168
110 112
110 113
110 114
110 115
110 146
110 149
110 153
110 154
110 132
110 138
110 140
110 215
111 187
111 111
111 162
111 163
111 164
111 167
111 112
111 113
111 114
111 115
111 145
111 146
111 149
111 153
111 132
111 134
111 138
111 212
111 213
111 215
121 175
121 121
121 122
121 123
121 124
121 125
121 126
121 127
121 128
121 129
121 130
121 131
121 189
122 122
122 123
122 124
122 125
122 126
122 127
122 128
122 129
122 130
122 131
122 147
123 173
123 123
123 124
123 125
123 126
123 127
123 128
123 129
123 130
123 131
123 253
123 256
123 257
123 202
123 207
123 208
123 209
124 173
124 124
124 125
124 126
124 127
124 128
124 129
124 130
124 131
124 256
124 257
124 258
124 202
125 125
125 126
125 127
125 128
125 129
125 130
125 131
126 126
126 127
126 128
126 129
126 130
126 131
127 127
127 128
127 129
127 130
127 131
127 408
128 128
128 129
128 130
128 131
129 173
129 129
129 130
129 131
129 256
129 257
129 258
129 202
129 208
130 130
130 131
131 131
1 184
1 187
1 68
1 69
1 96
1 109
1 110
1 111
1 1
1 2
1 3
1 64
1 78
1 162
1 163
1 164
1 168
1 89
1 113
1 145
1 146
1 149
1 153
1 154
1 132
1 134
1 138
1 213
1 215
2 187
2 68
2 69
2 96
2 109
2 111
2 2
2 3
2 64
2 65
2 78
2 80
2 162
2 163
2 164
2 167
2 89
2 113
2 115
2 145
2 146
2 149
2 153
2 132
2 134
2 138
2 212
2 213
2 215
3 68
3 92
3 96
3 111
3 3
3 65
3 80
3 81
3 162
3 167
3 112
3 115
3 145
3 134
3 212
3 213
61 175
61 70
61 71
61 72
61 73
61 76
61 97
61 61
61 62
61 63
61 64
61 160
61 161
61 148
62 175
62 70
62 71
62 72
62 73
62 97
62 62
62 63
62 64
62 160
62 161
62 148
63 175
63 71
63 72
63 73
63 76
63 97
63 121
63 63
63 64
63 160
63 161
63 189
63 148
64 184
64 187
64 68
64 69
64 96
64 109
64 110
64 111
64 64
64 78
64 162
64 163
64 164
64 168
64 89
64 113
64 145
64 146
64 149
64 153
64 154
64 132
64 134
64 138
64 213
64 215
65 68
65 96
65 111
65 65
65 66
65 78
65 80
65 81
65 162
65 163
65 167
65 113
65 115
65 145
65 149
65 153
65 134
65 138
65 212
65 213
65 215
66 188
66 66
66 104
66 242
78 184
78 187
78 96
78 109
78 110
78 111
78 78
78 79
78 80
78 81
78 162
78 163
78 164
78 167
78 89
78 113
78 115
78 145
78 146
78 149
78 153
78 154
78 132
78 134
78 138
78 212
78 213
78 215
79 169
79 185
79 79
79 80
79 81
79 158
79 165
79 166
79 282
79 114
79 151
79 152
79 133
79 135
79 136
79 139
79 210
79 211
79 214
79 233
79 234
79 235
80 96
80 111
80 80
80 81
80 162
80 163
80 167
80 113
80 115
80 145
80 149
80 153
80 134
80 138
80 212
80 213
80 215
81 92
81 81
81 167
81 112
81 115
81 212
103 173
103 123
103 124
103 129
103 103
103 104
103 256
103 257
103 258
103 202
103 208
104 171
104 188
104 104
55 55
55 56
55 57
55 308
56 56
56 57
56 308
57 57
57 308
57 156
307 307
307 308
308 308
156 156
156 157
156 158
156 159
156 160
156 161
156 162
156 163
156 164
156 165
156 166
156 167
156 168
157 394
157 395
157 371
157 169
157 170
157 171
157 172
157 157
157 158
157 159
157 160
157 161
157 162
157 163
157 164
157 165
157 166
157 167
157 168
157 361
157 350
157 363
158 169
158 170
158 171
158 172
158 185
158 158
158 159
158 160
158 161
158 162
158 163
158 164
158 165
158 166
158 167
158 168
158 214
158 233
159 169
159 170
159 171
159 172
159 173
159 174
159 175
159 176
159 177
159 159
159 160
159 161
159 162
159 163
159 164
159 165
159 166
159 167
159 168
159 192
160 169
160 170
160 171
160 172
160 173
160 174
160 175
160 176
160 177
160 160
160 161
160 162
160 163
160 164
160 165
160 166
160 167
160 168
161 169
161 170
161 171
161 172
161 173
161 174
161 175
161 176
161 177
161 161
161 162
161 163
161 164
161 165
161 166
161 167
161 168
162 169
162 170
162 171
162 172
162 173
162 174
162 175
162 176
162 177
162 187
162 162
162 163
162 164
162 165
162 166
162 167
162 168
162 212
162 213
162 215
163 169
163 170
163 171
163 172
163 173
163 174
163 175
163 176
163 177
163 184
163 187
163 163
163 164
163 165
163 166
163 167
163 168
163 212
163 213
163 215
164 169
164 170
164 171
164 172
164 173
164 174
164 175
164 176
164 177
164 184
164 187
164 164
164 165
164 166
164 167
164 168
164 213
164 215
165 169
165 170
165 171
165 172
165 173
165 174
165 175
165 176
165 177
165 185
165 165
165 166
165 167
165 168
165 282
165 210
165 211
165 214
165 233
165 234
165 235
166 169
166 170
166 171
166 172
166 173
166 174
166 175
166 176
166 177
166 185
166 186
166 166
166 167
166 168
166 282
166 210
166 211
166 214
166 233
166 234
166 235
166 237
167 169
167 170
167 171
167 172
167 173
167 174
167 175
167 176
167 177
167 167
167 168
167 212
167 213
167 215
168 169
168 170
168 171
168 172
168 173
168 174
168 175
168 176
168 177
168 184
168 187
168 168
189 189
189 190
189 191
189 192
189 193
190 190
190 191
190 192
190 193
191 191
191 192
191 193
192 192
192 193
193 193
193 253
193 254
193 255
193 203
193 205
193 207
193 209
118 259
118 118
118 119
118 120
119 119
119 120
120 121
120 122
120 123
120 124
120 125
120 126
120 127
120 128
120 129
120 120
120 280
120 281
120 204
120 206
120 240
120 241
85 259
85 118
85 119
85 85
85 86
85 87
85 88
85 89
85 90
86 173
86 123
86 124
86 129
86 103
86 86
86 87
86 88
86 89
86 90
86 256
86 257
86 202
86 207
86 208
87 124
87 129
87 103
87 87
87 88
87 89
87 90
87 256
87 258
87 202
88 91
88 92
88 93
88 94
88 88
88 89
88 90
88 137
89 184
89 187
89 91
89 92
89 93
89 94
89 95
89 96
89 109
89 110
89 111
89 162
89 163
89 164
89 168
89 89
89 90
89 113
89 145
89 146
89 149
89 153
89 154
89 132
89 134
89 138
89 213
89 215
90 91
90 92
90 93
90 94
90 95
90 96
90 120
90 90
90 255
90 280
90 281
90 203
253 253
253 254
253 255
253 256
253 257
253 258
254 254
254 255
254 256
254 257
254 258
255 255
255 256
255 257
255 258
255 281
256 256
256 257
256 258
257 257
257 258
258 258
280 280
280 281
280 282
281 281
281 282
282 282
117 117
112 112
112 113
112 114
112 115
113 184
113 187
113 162
113 163
113 164
113 167
113 113
113 114
113 115
113 145
113 146
113 149
113 153
113 154
113 132
113 134
113 138
113 212
113 213
113 215
114 169
114 185
114 158
114 165
114 282
114 114
114 115
114 152
114 133
114 139
114 211
114 214
114 233
114 234
115 162
115 163
115 167
115 115
115 145
115 149
115 153
115 134
115 138
115 212
115 213
115 215
145 187
145 162
145 163
145 164
145 167
145 145
145 146
145 147
145 148
145 149
145 150
145 151
145 152
145 153
145 154
145 212
145 213
145 215
146 184
146 187
146 162
146 163
146 164
146 168
146 146
146 147
146 148
146 149
146 150
146 151
146 152
146 153
146 154
146 213
146 215
147 147
147 148
147 149
147 150
147 151
147 152
147 153
147 154
148 175
148 160
148 161
148 148
148 149
148 150
148 151
148 152
148 153
148 154
149 184
149 187
149 162
149 163
149 164
149 167
149 149
149 150
149 151
149 152
149 153
149 154
149 212
149 213
149 215
150 171
150 186
150 188
150 166
150 282
150 150
150 151
150 152
150 153
150 154
150 210
150 211
150 234
150 235
150 237
151 171
151 185
151 186
151 165
151 166
151 282
151 151
151 152
151 153
151 154
151 210
151 211
151 214
151 233
151 234
151 235
151 237
152 169
152 185
152 158
152 165
152 166
152 282
152 152
152 153
152 154
152 210
152 211
152 214
152 233
152 234
152 235
153 184
153 187
153 162
153 163
153 164
153 167
153 153
153 154
153 212
153 213
153 215
154 184
154 187
154 163
154 164
154 168
154 154
154 215
105 169
105 184
105 110
105 158
105 168
105 154
105 105
105 139
105 140
106 159
106 191
106 192
106 106
406 406
406 407
406 408
406 409
406 410
406 434
406 435
406 458
406 420
407 407
407 408
407 409
407 410
407 434
407 435
407 436
407 457
407 458
408 408
408 409
408 410
409 409
409 410
409 459
410 410
410 411
132 184
132 187
132 162
132 163
132 164
132 168
132 145
132 146
132 149
132 153
132 154
132 132
132 133
132 134
132 135
132 136
132 137
132 138
132 139
132 140
132 213
132 215
133 169
133 185
133 158
133 165
133 166
133 282
133 151
133 152
133 133
133 134
133 135
133 136
133 137
133 138
133 139
133 140
133 210
133 211
133 214
133 233
133 234
133 235
134 187
134 162
134 163
134 164
134 167
134 145
134 146
134 149
134 153
134 134
134 135
134 136
134 137
134 138
134 139
134 140
134 212
134 213
134 215
135 171
135 185
135 186
135 165
135 166
135 282
135 150
135 151
135 152
135 135
135 136
135 137
135 138
135 139
135 140
135 210
135 211
135 214
135 233
135 234
135 235
135 237
136 171
136 185
136 186
136 165
136 166
136 282
136 150
136 151
136 152
136 136
136 137
136 138
136 139
136 140
136 210
136 211
136 214
136 233
136 234
136 235
136 237
137 137
137 138
137 139
137 140
138 184
138 187
138 162
138 163
138 164
138 167
138 145
138 146
138 149
138 153
138 154
138 138
138 139
138 140
138 212
138 213
138 215
139 169
139 185
139 158
139 165
139 152
139 139
139 140
139 214
139 233
140 169
140 184
140 158
140 168
140 154
140 140
358 358
358 359
358 360
358 361
358 362
359 359
359 360
359 361
359 362
359 363
359 364
359 365
360 360
360 361
360 362
360 363
360 364
360 365
360 440
361 394
361 395
361 361
361 362
361 363
361 364
361 365
362 407
362 362
362 363
362 364
362 365
362 434
362 435
362 436
362 457
362 458
202 256
202 257
202 258
202 202
202 203
202 204
202 205
202 206
202 207
202 208
202 209
202 210
202 211
202 212
202 213
202 214
202 215
203 253
203 254
203 255
203 281
203 203
203 204
203 205
203 206
203 207
203 208
203 209
203 210
203 211
203 212
203 213
203 214
203 215
204 280
204 204
204 205
204 206
204 207
204 208
204 209
204 210
204 211
204 212
204 213
204 214
204 215
204 240
204 241
205 253
205 254
205 255
205 205
205 206
205 207
205 208
205 209
205 210
205 211
205 212
205 213
205 214
205 215
206 280
206 206
206 207
206 208
206 209
206 210
206 211
206 212
206 213
206 214
206 215
206 240
206 241
207 253
207 254
207 257
207 207
207 208
207 209
207 210
207 211
207 212
207 213
207 214
207 215
208 253
208 256
208 257
208 208
208 209
208 210
208 211
208 212
208 213
208 214
208 215
209 253
209 254
209 255
209 209
209 210
209 211
209 212
209 213
209 214
209 215
210 282
210 210
210 211
210 212
210 213
210 214
210 215
210 233
210 234
210 235
210 237
211 282
211 211
211 212
211 213
211 214
211 215
211 233
211 234
211 235
211 237
212 212
212 213
212 214
212 215
213 213
213 214
213 215
214 282
214 214
214 215
214 233
214 234
214 235
215 215
233 282
233 233
233 234
233 235
233 236
233 237
233 238
233 239
233 240
233 241
233 242
234 282
234 234
234 235
234 236
234 237
234 238
234 239
234 240
234 241
234 242
235 282
235 235
235 236
235 237
235 238
235 239
235 240
235 241
235 242
236 236
236 237
236 238
236 239
236 240
236 241
236 242
236 411
236 412
236 425
236 426
236 427
236 439
236 441
237 282
237 237
237 238
237 239
237 240
237 241
237 242
238 238
238 239
238 240
238 241
238 242
238 411
238 412
238 425
238 426
238 427
238 439
238 441
239 239
239 240
239 241
239 242
240 280
240 240
240 241
240 242
241 280
241 241
241 242
242 242
411 411
411 412
411 413
411 425
411 426
411 427
411 439
411 441
412 412
412 413
412 425
412 426
412 427
412 439
412 441
413 413
425 425
425 426
425 427
425 428
425 439
425 441
426 426
426 427
426 428
426 439
426 441
427 427
427 428
427 439
427 441
428 428
349 380
349 358
349 349
349 350
349 351
350 371
350 350
350 351
350 363
350 364
351 394
351 395
351 361
351 351
363 371
363 363
363 364
363 365
364 371
364 364
364 365
365 383
365 373
365 374
365 365
437 437
437 438
437 439
437 440
437 441
438 438
438 439
438 440
438 441
439 439
439 440
439 441
440 440
440 441
441 441
434 434
434 435
434 436
434 457
434 458
435 435
435 436
435 457
435 458
436 436
436 457
436 458
457 457
457 458
457 459
457 460
458 458
458 459
458 460
459 459
459 460
460 460
418 418
418 419
418 420
419 428
419 419
419 420
420 420
317 317
317 318
317 319
317 321
317 322
318 318
318 319
318 320
318 321
318 322
318 323
318 324
318 325
319 319
319 320
319 321
319 322
319 323
319 324
319 325
319 326
319 327
320 320
320 321
320 322
320 323
320 324
320 325
320 326
320 327
321 321
321 322
321 323
321 324
321 325
321 326
321 327
322 322
322 323
322 324
322 325
322 326
322 327
323 323
323 324
323 325
323 326
323 327
323 346
323 347
324 324
324 325
324 326
324 327
324 357
325 325
325 326
325 327
326 326
326 327
327 327
341 341
341 342
341 343
341 344
341 345
341 346
341 347
342 342
342 343
342 344
342 345
342 346
342 347
343 343
343 344
343 345
343 346
343 347
344 344
344 345
344 346
344 347
345 345
345 346
345 347
345 452
346 346
346 347
347 347
357 357
446 446
446 447
446 448
446 449
446 450
446 451
446 452
446 453
446 454
446 455
446 456
447 447
447 448
447 449
447 450
447 451
447 452
447 453
447 454
447 455
447 456
448 448
448 449
448 450
448 451
448 452
448 453
448 454
448 455
448 456
449 449
449 450
449 451
449 452
449 453
449 454
449 455
449 456
450 450
450 451
450 452
450 453
450 454
450 455
450 456
451 451
451 452
451 453
451 454
451 455
451 456
452 452
452 453
452 454
452 455
452 456
453 453
453 454
453 455
453 456
454 454
454 455
454 456
455 455
455 456
456 456
271 271
271 272
271 273
271 274
271 275
271 331
272 272
272 273
272 274
272 275
273 273
273 274
273 275
274 274
274 275
274 331
274 334
275 275
331 331
331 332
331 333
331 334
331 335
331 336
332 332
332 333
332 334
332 335
332 336
333 333
333 334
333 335
333 336
334 334
334 335
334 336
335 335
335 336
336 336
314 335
314 336
314 314
315 332
315 333
315 335
315 336
315 315
315 316
316 332
316 333
316 316
301 301
301 310
301 311
301 391
309 309
309 310
309 311
309 312
309 313
310 310
310 311
310 312
310 313
310 391
311 311
311 312
311 313
311 391
312 312
312 313
312 392
313 313
313 392
390 390
390 391
390 392
391 391
391 392
392 392
291 291
291 292
291 293
291 294
291 298
291 300
291 305
292 292
292 293
292 294
292 299
292 296
292 304
293 293
293 294
293 299
293 296
293 302
294 294
294 298
294 300
294 303
298 298
298 299
298 300
298 303
298 305
299 299
299 300
299 302
299 304
300 300
300 303
300 305
295 295
295 296
295 297
296 299
296 296
296 297
296 302
296 304
297 297
302 302
302 303
302 304
302 305
303 303
303 304
303 305
304 304
304 305
305 305
285 285
285 286
285 287
285 288
285 289
285 290
286 286
286 287
286 288
286 289
286 290
287 287
287 288
287 289
287 290
287 414
287 415
288 288
288 289
288 290
289 289
289 290
290 290
414 414
414 415
414 416
414 417
415 415
415 416
415 417
416 416
416 417
417 417
224 224
224 225
224 226
225 225
225 226
225 261
226 226
226 261
260 260
260 261
261 261
198 198
198 199
198 200
198 201
199 199
199 200
199 201
200 200
200 201
201 201
201 250
250 250
250 251
250 252
251 251
251 252
252 252
46 46
46 276
276 276
276 277
277 277
178 178
178 179
178 180
178 181
178 182
178 183
179 277
179 179
179 180
179 181
179 182
179 183
180 180
180 181
180 182
180 183
181 181
181 182
181 183
182 277
182 182
182 183
183 277
183 183
52 52
52 53
52 54
52 58
52 59
52 60
53 53
53 54
53 58
53 59
54 54
54 278
58 58
58 59
58 60
59 59
59 60
60 60
278 278
45 45
45 219
217 217
217 218
217 219
218 218
218 219
219 219
18 18
18 19
18 22
19 19
19 21
19 20
21 21
21 22
22 22
20 21
20 20
16 16
16 17
16 24
17 17
17 29
24 24
29 29
13 13
13 14
13 15
13 26
13 30
14 14
14 15
14 31
15 15
26 26
26 30
30 30
30 31
31 31
10 10
10 12
12 12
7 7
7 8
7 33
7 34
8 8
8 33
33 33
33 34
34 34
0 0
4 4
9 9
11 11
23 23
25 25
27 27
27 28
28 28
32 32
35 35
35 36
36 36
37 37
38 38
39 39
40 40
40 41
41 41
42 42
43 43
44 44
82 82
82 83
82 84
83 83
83 84
84 84
98 98
98 99
98 100
98 101
98 102
99 99
99 100
99 101
99 102
100 100
100 101
100 102
101 101
101 102
102 102
116 116
141 141
141 142
141 143
141 144
142 142
142 143
142 144
143 143
143 144
144 144
155 155
194 194
194 195
194 196
194 197
195 195
195 196
195 197
196 196
196 197
197 197
216 216
220 220
220 221
220 222
220 223
221 221
221 222
221 223
222 222
222 223
223 223
227 227
227 228
227 229
227 230
228 228
228 229
228 230
229 229
229 230
230 230
231 231
231 232
232 232
243 243
243 244
243 245
243 246
244 244
244 245
244 246
245 245
245 246
246 246
247 247
247 248
248 248
249 249
262 262
262 263
262 264
262 265
262 266
263 263
263 264
263 265
263 266
264 264
264 265
264 266
265 265
265 266
266 266
267 267
267 268
267 269
268 268
268 269
269 269
270 270
279 279
283 283
283 284
284 284
306 306
352 352
366 366
366 367
367 367
375 375
375 376
375 377
376 376
376 377
377 377
384 384
401 401
401 402
402 402
421 421
421 422
422 422
423 423
423 424
424 424
429 429
429 430
430 430
431 431
431 432
431 433
432 432
432 433
433 433
442 442
442 443
443 443
444 444
444 445
445 445
461 461
462 462
462 463
463 463
465 465
465 466
465 467
466 466
466 467
467 467
468 468
468 469
468 470
469 469
469 470
470 470
471 471
472 472
473 473
474 474
475 475
476 476
476 477
477 477
478 478
479 479
479 480
480 480
