/
0,12.07,0.89
2,14.2,0.9
3,14.25,1.25
4,14.31,1.3
5,14.17,1.77
11,19.94,0.86
12,19.99,1.78
13,19.93,2.05
20,23.33,1.3
21,23.18,1.74
24,27.11,1.75
25,27.81,2.05
/
7,15.66,1.86
8,15.76,1.97
14,20.46,1.88
15,20.63,1.49
16,20.5,1.88
17,20.61,2.03
/
36,61.03,4.1
37,61.12,4.21
43,71.07,4.2
/
46,83.14,4.43
47,83.01,5.34
54,128.73,5.33
/
1,12.56,0.86
9,16.18,0.86
/
18,21.42,0.98
19,21.45,0.94
/
27,30.31,1.28
28,32.72,1.27
/
29,34.62,2.33
30,34.68,2.28
/
31,44.39,2.22
32,44.31,2.69
/
38,63.76,3.56
41,66.63,3.55
/
39,65.32,3.43
40,65.34,3.67
/
6,15.08,1.18
/
10,16.48,0.81
/
22,25.7,1.59
/
23,26.13,2.79
/
26,30.0,1.3
/
33,45.68,4.31
/
34,51.8,3.81
/
35,56.29,3.85
/
42,70.82,3.83
/
44,73.5,4.27
/
45,74.51,4.47
/
48,86.96,4.73
/
49,106.92,5.88
/
50,107.26,5.93
/
51,114.78,7.03
/
52,115.96,6.87
/
53,116.16,6.78
/
55,130.58,5.34
/
56,135.26,6.0
/
57,137.11,6.24
/
58,141.01,6.12
