334 334
334 335
334 336
335 335
335 336
336 336
336 358
357 357
357 358
357 359
358 358
358 359
359 359
329 329
329 330
329 331
330 330
330 331
331 331
331 332
332 332
323 323
323 341
339 339
339 340
339 341
340 340
340 341
341 341
286 286
286 326
324 324
324 325
324 326
324 327
325 325
325 326
325 327
326 326
326 327
327 327
322 325
322 322
293 293
293 294
293 313
294 294
313 313
313 314
313 315
313 333
314 314
314 315
315 315
315 333
333 333
310 310
310 312
310 361
312 312
312 363
360 360
360 361
361 361
363 363
308 308
308 309
308 321
309 309
309 353
321 321
353 353
307 307
307 362
362 362
296 296
296 298
298 298
291 291
291 292
292 292
292 311
311 311
287 287
287 368
367 367
367 368
368 368
284 284
284 285
285 285
270 270
270 280
280 280
264 264
264 265
265 265
265 347
347 347
260 260
260 301
300 300
300 301
301 301
231 231
231 239
236 236
236 237
236 238
236 239
236 257
237 237
238 238
238 239
239 239
257 257
257 258
257 259
258 258
258 259
258 303
259 259
303 303
89 89
89 90
89 91
89 212
90 90
90 91
90 170
91 91
91 276
212 212
168 168
168 169
168 170
169 169
169 170
170 170
273 273
273 274
273 275
273 276
274 274
274 275
274 276
275 275
275 276
276 276
240 275
240 240
234 234
234 255
255 255
255 256
256 256
232 232
232 233
232 242
233 233
242 242
242 243
243 243
230 230
230 244
244 244
188 188
188 189
189 189
189 251
248 248
248 249
248 250
248 251
249 249
249 250
250 250
250 251
251 251
219 250
219 219
215 215
215 223
221 221
221 222
221 223
222 222
222 223
223 223
1 1
1 206
1 208
1 209
1 14
206 206
206 208
206 209
208 208
208 209
209 209
209 224
13 13
13 14
13 15
14 14
14 15
15 15
15 254
10 13
10 10
254 254
224 224
224 225
224 226
225 225
225 226
226 226
203 203
203 204
204 204
204 262
262 262
180 180
180 194
192 192
192 193
192 194
192 229
193 193
193 196
194 194
227 227
227 228
227 229
228 228
228 229
229 229
195 195
195 196
195 197
196 196
196 197
197 197
201 201
201 202
202 227
202 202
181 181
181 205
205 205
177 177
177 182
182 182
176 176
176 213
213 213
213 214
213 216
214 214
214 216
216 216
59 59
59 60
59 61
59 62
59 63
59 191
60 60
60 61
60 62
60 63
60 70
61 61
61 62
61 63
61 191
62 62
62 63
62 77
63 63
63 172
190 190
190 191
191 191
2 2
2 8
2 30
2 71
8 8
8 11
8 80
27 27
27 28
27 29
27 30
27 31
27 78
28 190
28 28
28 29
28 30
28 31
28 56
28 65
29 29
29 30
29 31
29 75
30 30
30 31
30 71
31 31
31 199
4 29
4 4
4 5
4 75
5 29
5 5
5 75
11 11
11 12
11 80
12 12
0 0
0 207
0 16
207 207
16 207
16 16
16 17
16 18
16 19
16 20
16 21
17 27
17 17
17 19
17 20
17 78
18 18
18 19
18 20
18 21
18 32
19 19
19 20
19 21
19 58
20 20
20 21
20 185
21 21
32 32
54 54
54 55
54 56
54 58
54 69
55 55
55 56
55 58
56 190
56 56
56 58
56 65
58 62
58 58
185 185
9 9
9 40
39 55
39 39
39 40
40 40
64 64
64 65
65 190
65 65
198 198
198 199
199 199
69 69
69 70
69 71
70 70
70 71
71 71
75 75
75 77
75 78
75 80
77 77
77 78
77 80
78 78
78 80
80 191
80 80
172 172
172 173
172 174
173 173
173 174
173 252
174 174
174 253
252 252
252 253
253 253
160 160
160 161
161 161
161 211
211 211
113 113
113 114
113 116
113 117
114 114
114 117
114 150
116 116
116 117
117 117
117 132
149 149
149 150
150 150
129 129
129 130
129 132
129 133
129 166
130 130
130 132
130 133
132 132
132 133
133 133
164 164
164 165
164 166
165 165
165 166
166 166
24 24
24 26
24 73
26 26
26 35
73 73
73 74
73 76
74 74
74 76
74 141
76 76
35 35
35 36
35 37
35 38
36 36
36 38
36 86
36 144
37 37
37 38
37 365
38 38
38 163
86 86
86 87
86 88
86 144
87 87
87 88
87 136
87 145
88 88
88 142
7 7
7 366
365 365
365 366
366 366
163 163
45 76
45 45
141 141
134 134
134 135
134 136
135 135
135 136
136 136
136 145
142 142
142 144
142 145
144 144
144 145
145 145
103 144
103 103
103 104
103 105
104 104
104 105
105 105
105 345
345 345
121 134
121 121
41 41
41 42
41 43
41 44
41 106
42 42
42 43
42 44
42 52
43 43
43 44
43 123
44 44
106 106
106 107
106 108
107 107
107 108
108 108
108 148
52 52
52 53
53 53
53 79
123 123
79 79
148 148
81 81
81 92
92 92
92 93
92 95
92 96
92 97
93 93
93 95
93 96
93 97
95 95
95 96
95 97
96 96
96 97
97 97
66 66
66 67
66 68
66 82
66 83
67 67
67 68
68 68
82 82
82 83
83 83
46 46
46 47
46 110
47 47
109 109
109 110
109 111
110 110
110 111
111 111
3 3
3 33
33 33
33 34
34 34
34 220
220 220
6 6
22 22
23 23
25 25
48 48
48 49
49 49
50 50
51 51
57 57
72 72
84 84
84 85
85 85
94 94
94 98
98 98
99 99
99 100
100 100
101 101
101 102
102 102
112 112
115 115
115 120
120 120
118 118
118 119
119 119
122 122
124 124
124 125
124 126
124 127
124 128
125 125
125 126
125 127
125 128
126 126
126 127
126 128
127 127
127 128
128 128
131 131
137 137
137 139
139 139
138 138
140 140
143 143
146 146
146 147
147 147
151 151
151 152
152 152
153 153
153 154
153 155
153 156
154 154
154 155
154 156
155 155
156 156
157 157
158 158
158 159
159 159
162 162
167 167
171 171
175 175
178 178
178 179
179 179
183 183
183 184
184 184
186 186
187 187
200 200
210 210
217 217
218 218
235 235
241 241
245 245
245 246
246 246
247 247
261 261
263 263
266 266
267 267
267 269
269 269
268 268
271 271
271 272
272 272
277 277
278 278
279 279
281 281
281 282
282 282
283 283
288 288
289 289
290 290
295 295
297 297
299 299
302 302
304 304
305 305
306 306
316 316
317 317
317 319
319 319
318 318
318 320
320 320
328 328
337 337
337 338
338 338
342 342
343 343
343 344
344 344
346 346
348 348
349 349
350 350
351 351
352 352
354 354
355 355
356 356
364 364
369 369
370 370
371 371
372 372
373 373
374 374
